-0.990125 -0.999311 -0.999615 -0.999477 -0.999357 -0.999579 -0.999661 -0.999485 -0.996952 -0.975454 
0.682673 0.912141 0.516239 -0.588565 -0.786277 -0.867731 -0.963580 -0.973675 -0.930853 -0.856959 
0.988729 0.952507 0.662284 0.800211 0.979535 0.987876 0.933607 0.112391 -0.444762 -0.578628 
-0.206730 -0.824019 -0.780593 -0.860691 -0.931111 -0.988149 -0.994444 -0.990796 -0.992499 -0.929383 
-0.156789 -0.446250 -0.200233 -0.221414 -0.816147 -0.725321 0.561627 0.118579 -0.939598 -0.904503 
-0.662782 -0.659449 -0.635610 -0.811731 -0.837214 -0.392001 0.235661 -0.795525 -0.960507 -0.855626 
-0.662782 -0.662782 -0.761549 -0.950821 -0.940538 -0.027548 -0.836311 -0.980090 -0.917049 -0.740974 
-0.662782 -0.692641 -0.912507 -0.923035 -0.094304 0.733397 -0.446416 -0.926161 -0.848015 -0.555134 
-0.662782 -0.821639 -0.912635 -0.726730 0.406053 -0.850525 -0.981113 -0.877207 -0.720876 -0.647032 
-0.662782 -0.786332 -0.246791 0.463961 -0.735549 -0.972819 -0.925784 -0.834565 -0.560391 -0.662782 
***************

0.609999 0.905685 0.990376 0.996058 0.995592 0.991280 0.991612 0.994090 0.989684 0.884145 
-0.154297 0.002110 0.958963 0.999426 0.999728 0.999229 0.999149 0.999708 0.999772 0.994289 
-0.962781 -0.997301 -0.995455 -0.971503 -0.890948 -0.761743 -0.384846 0.686030 0.982292 0.997605 
-0.666542 -0.953836 -0.998114 -0.999039 -0.997957 -0.999364 -0.999358 -0.995348 -0.653156 0.956377 
0.761376 0.429548 0.068921 -0.344879 -0.822376 -0.829881 -0.924918 -0.953448 -0.099254 0.638055 
0.581153 0.583225 0.595641 0.724524 -0.216334 -0.713802 -0.536201 -0.324493 0.839110 0.529580 
0.581153 0.581153 0.642876 0.192112 -0.361617 -0.102602 -0.530608 0.617531 0.689932 0.313339 
0.581153 0.608616 0.517977 -0.142847 -0.517932 -0.389492 0.428872 0.820053 0.497868 0.449715 
0.581153 0.622521 -0.096073 -0.364097 -0.352140 -0.307513 0.875838 0.552562 0.305001 0.566414 
0.581153 0.121277 -0.763057 -0.728761 -0.396318 0.811156 0.787213 0.246976 0.467104 0.581153 
***************

0.941054 0.563235 0.382542 0.809163 0.931867 0.909096 0.867088 0.826058 0.828591 0.796958 
0.910736 -0.285829 0.694845 0.987794 0.987326 0.977799 0.937113 0.843374 0.807788 0.949281 
0.064496 -0.646130 0.563468 0.561554 0.712979 0.909808 0.944344 -0.075860 -0.002662 0.986343 
-0.073203 -0.195352 -0.140958 -0.657865 -0.465480 0.021722 -0.910319 -0.999767 -0.794624 0.980134 
0.858540 0.918758 0.914994 0.884325 0.980026 0.975529 -0.959202 -0.994058 0.956854 0.983126 
0.867931 0.865666 0.862733 0.928441 0.993908 0.616491 -0.999597 -0.000550 0.994115 0.946398 
0.867931 0.867931 0.909860 0.985783 0.975743 -0.976547 -0.995325 0.970654 0.969933 0.878857 
0.867931 0.881787 0.967927 0.990804 -0.182170 -0.999792 0.682468 0.996497 0.941445 0.860929 
0.867931 0.934130 0.991403 0.907151 -0.997446 -0.894786 0.986310 0.953179 0.874526 0.866435 
0.867931 0.980858 0.991942 -0.765444 -0.999278 0.899552 0.984604 0.898579 0.860680 0.867931 
***************

-0.823932 -0.261144 -0.111617 -0.695215 -0.785346 -0.742404 -0.673060 -0.631842 -0.551272 -0.644261 
-0.316510 -0.029485 -0.801334 -0.931334 -0.904049 -0.760419 -0.687845 -0.763557 -0.846479 -0.874207 
-0.934703 -0.842504 -0.817461 -0.983372 -0.996487 -0.996071 -0.993112 -0.841879 -0.886193 -0.997380 
-0.636112 0.068043 -0.451197 -0.935504 -0.986693 -0.987173 -0.733523 0.216550 -0.978959 -0.999416 
-0.595264 -0.435380 -0.621632 -0.648004 -0.689942 -0.862326 0.910966 0.880321 -0.949878 -0.998392 
-0.715836 -0.716359 -0.719021 -0.829525 -0.803730 -0.638158 0.908491 0.052815 -0.991119 -0.990622 
-0.715836 -0.715836 -0.807833 -0.827493 -0.908513 0.873078 0.895167 -0.861404 -0.996715 -0.942494 
-0.715836 -0.750061 -0.829876 -0.831070 0.319604 0.881867 -0.532384 -0.989158 -0.987967 -0.823936 
-0.715836 -0.821994 -0.812626 -0.876272 0.730411 0.403866 -0.955853 -0.994343 -0.928877 -0.731519 
-0.715836 -0.728168 -0.937198 0.212370 0.949894 -0.557723 -0.997602 -0.975037 -0.813251 -0.715836 
***************

0.663657 0.854968 0.874912 0.816852 0.802244 0.725271 0.684982 0.710309 0.618795 0.082411 
0.750649 -0.479993 -0.774957 -0.241951 0.750308 0.874392 0.917757 0.930381 0.904104 0.718049 
-0.376228 -0.999440 -0.999957 -0.999528 -0.997722 -0.995115 -0.978071 -0.952246 -0.992614 -0.726694 
-0.490323 -0.986051 -0.981387 -0.993093 -0.999044 -0.996338 -0.996453 -0.999878 -0.999951 -0.910234 
0.507975 0.823874 0.947244 0.926966 0.974900 0.999693 0.997753 -0.992486 -0.915989 0.715481 
-0.327024 -0.304799 -0.219578 -0.024824 0.963019 0.986205 -0.938791 -0.999889 0.461646 0.802535 
-0.327024 -0.327024 -0.290325 0.600042 0.987757 0.875215 -0.999865 -0.982563 0.808406 0.559330 
-0.327024 -0.313972 0.188673 0.974469 0.973504 -0.989797 -0.999795 0.713621 0.798468 0.066741 
-0.327024 -0.184126 0.898540 0.986244 -0.121555 -0.999971 -0.972391 0.671059 0.471593 -0.279792 
-0.327024 0.385909 0.965899 0.848283 -0.999840 -0.999018 0.867347 0.748571 0.022946 -0.327024 
***************

-0.842736 -0.916559 -0.815597 -0.689945 -0.618877 -0.650672 -0.694839 -0.529707 -0.017176 0.091592 
-0.978923 -0.989634 -0.852042 0.102119 -0.075382 -0.460483 -0.738842 -0.691475 -0.226217 0.503581 
-0.996117 -0.721978 0.672966 0.271819 -0.247047 -0.565828 -0.851596 -0.703865 0.597800 0.964362 
-0.219793 0.844257 0.678724 0.749493 0.827180 0.479411 -0.876237 -0.544611 0.998247 0.997380 
0.054416 0.000026 0.110526 0.398284 0.029533 -0.989678 -0.999376 0.898058 0.999697 0.985655 
0.184516 0.174516 0.137537 -0.078094 -0.960487 -0.999966 -0.995531 0.997969 0.998499 0.899991 
0.184516 0.184516 0.051623 -0.630975 -0.999754 -0.999927 0.918843 0.999375 0.975409 0.627529 
0.184516 0.146916 -0.391639 -0.985805 -0.999976 -0.983656 0.998863 0.997198 0.875919 0.361157 
0.184516 -0.074281 -0.932773 -0.999970 -0.999929 0.995094 0.999681 0.944737 0.581667 0.207467 
0.184516 -0.492613 -0.997930 -0.999972 -0.261496 0.999457 0.992872 0.820323 0.342325 0.184516 
***************

-0.932814 -0.517498 0.231861 -0.335123 -0.916965 -0.979537 -0.982026 -0.950540 -0.758404 -0.580378 
0.970663 0.999134 0.997890 0.997580 0.999006 0.999609 0.998894 0.999755 0.999176 0.783597 
-0.214124 -0.995049 -0.989129 -0.291501 0.477149 -0.151616 -0.183223 0.965824 0.951630 -0.396777 
-0.976444 -0.996605 -0.996426 -0.998818 -0.999887 -0.999967 -0.986615 -0.627333 -0.935474 -0.929882 
-0.773534 -0.696082 -0.777974 -0.867399 -0.977244 -0.521897 0.994006 -0.646053 -0.903241 -0.936309 
-0.785745 -0.784468 -0.783439 -0.937474 -0.943716 0.908574 0.571532 -0.962270 -0.965734 -0.886670 
-0.785745 -0.785745 -0.894231 -0.961188 -0.398866 0.993199 -0.857601 -0.798826 -0.849733 -0.864105 
-0.785745 -0.822648 -0.958576 -0.861575 0.997787 0.952927 -0.848396 -0.952514 -0.878177 -0.851316 
-0.785745 -0.928543 -0.938946 0.781468 0.920990 -0.991984 -0.955979 -0.855963 -0.869895 -0.795853 
-0.785745 -0.917508 -0.186553 0.995955 -0.125870 -0.453064 -0.827728 -0.860772 -0.847138 -0.785745 
***************

-0.313509 -0.717497 -0.733895 -0.647266 -0.566107 -0.789016 -0.837713 -0.911090 -0.927540 -0.909082 
0.780646 0.981493 0.999524 0.999808 0.997630 0.976349 0.941316 0.931878 0.892972 0.540644 
0.960897 0.998692 0.999983 0.999998 0.999999 1.000000 1.000000 0.999998 0.999991 0.999735 
-0.918114 -0.961490 -0.971342 -0.982307 -0.982754 -0.982628 -0.937231 0.503534 0.985916 0.991020 
-0.776389 -0.887952 -0.968829 -0.981329 -0.974892 -0.992702 -0.777543 0.816839 0.980851 0.342256 
-0.362588 -0.370515 -0.397662 -0.431227 -0.579767 0.146710 0.919604 0.996569 0.943952 -0.824501 
-0.362588 -0.362588 -0.321270 -0.072780 -0.464828 0.773276 0.935399 0.975086 0.231705 -0.793626 
-0.362588 -0.356787 -0.162657 -0.565395 0.688720 0.972876 0.999652 0.947749 -0.824040 -0.498670 
-0.362588 -0.245517 -0.009353 0.256436 0.980201 0.994120 0.991826 -0.318059 -0.746200 -0.380636 
-0.362588 0.172020 0.331077 0.954098 0.986468 0.998780 0.772370 -0.913150 -0.487566 -0.362588 
***************

