-0.540296 -0.540296 -0.540296 -0.540296 -0.540296 -0.540296 -0.540296 -0.540296 -0.540296 -0.540296 -0.540296 -0.540296 -0.540296 -0.540296 -0.540296 -0.540296 -0.540296 -0.540296 -0.540296 -0.540296 -0.540296 -0.540296 -0.540296 -0.540296 
-0.540296 -0.540296 -0.540296 -0.540296 -0.540296 -0.540296 -0.540296 -0.540296 -0.540296 -0.540296 -0.540296 -0.540296 -0.540296 -0.540296 -0.540296 -0.540296 -0.540296 -0.540296 -0.540296 -0.540296 -0.540296 -0.540296 -0.540296 -0.540296 
-0.540296 -0.540296 -0.540296 -0.570795 -0.569922 -0.248841 0.165347 0.161187 -0.264883 -0.503734 -0.540296 -0.540296 -0.540296 -0.540296 -0.540296 -0.540296 -0.540296 -0.540296 -0.540296 -0.540296 -0.540296 -0.540296 -0.540296 -0.540296 
-0.540296 -0.540296 -0.540296 -0.701780 -0.753404 0.046981 0.758441 0.737397 -0.063718 -0.494583 -0.540296 -0.540296 -0.540296 -0.540296 -0.540296 -0.540296 -0.540296 -0.540296 -0.540296 -0.540296 -0.540296 -0.540296 -0.540296 -0.540296 
-0.540296 -0.540296 -0.540296 -0.805882 -0.819928 0.051041 0.849679 0.699774 -0.242721 -0.564547 -0.540296 -0.540296 -0.540296 -0.540296 -0.540296 -0.540296 -0.540296 -0.540296 -0.540296 -0.540296 -0.540296 -0.540296 -0.540296 -0.540296 
-0.540296 -0.540296 -0.540296 -0.834496 -0.855976 0.417899 0.925816 0.792039 -0.068197 -0.519718 -0.540296 -0.540296 -0.540296 -0.540296 -0.540296 -0.540296 -0.540296 -0.540296 -0.540296 -0.540296 -0.540296 -0.540296 -0.540296 -0.540296 
-0.540296 -0.540296 -0.540296 -0.828871 -0.809427 0.433279 0.940657 0.865204 0.077269 -0.475217 -0.540296 -0.540296 -0.540296 -0.540296 -0.540296 -0.540296 -0.540296 -0.540296 -0.540296 -0.540296 -0.562592 -0.547325 -0.399832 -0.071917 
-0.540296 -0.540296 -0.540296 -0.726601 -0.820515 0.225680 0.906413 0.892363 0.326868 -0.484690 -0.531201 -0.540296 -0.540296 -0.540296 -0.540296 -0.540296 -0.540296 -0.540296 -0.551725 -0.569789 -0.583196 -0.345178 0.266054 0.840168 
-0.540296 -0.540296 -0.540296 -0.662485 -0.828861 -0.212448 0.860655 0.920230 0.575400 -0.342340 -0.508648 -0.540296 -0.540296 -0.540296 -0.540296 -0.540296 -0.541411 -0.552450 -0.631822 -0.604308 -0.324249 0.376404 0.761084 0.957109 
-0.540296 -0.540296 -0.540296 -0.556226 -0.845867 -0.484303 0.815851 0.909424 0.548439 -0.415390 -0.557642 -0.540296 -0.540296 -0.540296 -0.540296 -0.547325 -0.604724 -0.531022 -0.426766 0.143443 0.535634 0.815469 0.904548 0.958952 
-0.540296 -0.540296 -0.540296 -0.548074 -0.857593 -0.582693 0.852880 0.945022 0.644758 -0.363451 -0.533306 -0.540296 -0.540296 -0.540296 -0.567598 -0.599921 -0.649713 -0.236631 0.422824 0.741722 0.682941 0.619600 0.776417 0.857078 
-0.540296 -0.540296 -0.540296 -0.530672 -0.864772 -0.684733 0.821753 0.960355 0.726942 -0.244208 -0.496026 -0.540296 -0.543635 -0.580263 -0.638867 -0.557617 -0.058813 0.597978 0.833148 0.812984 0.582721 0.241557 0.501181 0.485862 
-0.540296 -0.540296 -0.540296 -0.540296 -0.873203 -0.697607 0.816459 0.957275 0.720983 -0.314282 -0.589989 -0.552946 -0.445991 -0.343938 -0.148030 0.310950 0.666368 0.873937 0.859888 0.630611 0.356740 0.280751 0.444223 0.086199 
-0.540296 -0.540296 -0.540296 -0.540296 -0.873203 -0.715522 0.801951 0.961654 0.726722 -0.331111 -0.587243 -0.388816 0.103353 0.532224 0.675844 0.733685 0.815142 0.724299 0.604728 0.291159 -0.067640 -0.094829 -0.232524 -0.452456 
-0.540296 -0.540296 -0.540296 -0.540296 -0.873203 -0.700590 0.819181 0.954340 0.612644 -0.402572 -0.258014 0.429266 0.751480 0.768012 0.646532 0.584195 0.474735 0.398879 0.148510 -0.248704 -0.425257 -0.533717 -0.543282 -0.542558 
-0.540296 -0.540296 -0.540296 -0.540296 -0.873203 -0.684069 0.812506 0.949147 0.722384 0.320877 0.652902 0.826304 0.785707 0.555588 0.352994 0.309774 0.300657 0.015240 -0.316722 -0.499039 -0.592583 -0.565083 -0.540624 -0.540296 
-0.540296 -0.540296 -0.540296 -0.540296 -0.869665 -0.713466 0.582384 0.905527 0.814252 0.665968 0.767302 0.718187 0.571525 0.319442 0.309731 0.107477 -0.193877 -0.431301 -0.577379 -0.593514 -0.551669 -0.540296 -0.540296 -0.540296 
-0.540296 -0.540296 -0.540296 -0.540296 -0.837686 -0.739798 0.169230 0.608869 0.545257 0.493596 0.468367 0.391564 0.415474 0.077994 -0.189258 -0.414369 -0.571247 -0.598955 -0.558715 -0.540296 -0.540296 -0.540296 -0.540296 -0.540296 
-0.540296 -0.540296 -0.540296 -0.540296 -0.730747 -0.655154 -0.117174 0.308519 0.406631 0.339773 0.430012 0.217191 -0.167346 -0.395939 -0.569885 -0.597962 -0.559033 -0.540296 -0.540296 -0.540296 -0.540296 -0.540296 -0.540296 -0.540296 
-0.540296 -0.540296 -0.540296 -0.540296 -0.618548 -0.456495 0.046651 0.342420 0.395090 0.158365 -0.081996 -0.317533 -0.550159 -0.591753 -0.560467 -0.541933 -0.540296 -0.540296 -0.540296 -0.540296 -0.540296 -0.540296 -0.540296 -0.540296 
-0.540296 -0.540296 -0.540296 -0.540296 -0.529393 -0.446189 -0.110231 0.082233 -0.159234 -0.372440 -0.517978 -0.582021 -0.568342 -0.554561 -0.540296 -0.540296 -0.540296 -0.540296 -0.540296 -0.540296 -0.540296 -0.540296 -0.540296 -0.540296 
-0.540296 -0.540296 -0.540296 -0.540296 -0.526350 -0.482032 -0.432733 -0.433899 -0.511140 -0.580941 -0.574689 -0.546170 -0.540296 -0.540296 -0.540296 -0.540296 -0.540296 -0.540296 -0.540296 -0.540296 -0.540296 -0.540296 -0.540296 -0.540296 
-0.540296 -0.540296 -0.540296 -0.540296 -0.540296 -0.540296 -0.540296 -0.540296 -0.540296 -0.540296 -0.540296 -0.540296 -0.540296 -0.540296 -0.540296 -0.540296 -0.540296 -0.540296 -0.540296 -0.540296 -0.540296 -0.540296 -0.540296 -0.540296 
-0.540296 -0.540296 -0.540296 -0.540296 -0.540296 -0.540296 -0.540296 -0.540296 -0.540296 -0.540296 -0.540296 -0.540296 -0.540296 -0.540296 -0.540296 -0.540296 -0.540296 -0.540296 -0.540296 -0.540296 -0.540296 -0.540296 -0.540296 -0.540296 
***************

-0.274611 -0.274611 -0.274611 -0.274611 -0.274611 -0.274611 -0.274611 -0.274611 -0.274611 -0.274611 -0.274611 -0.274611 -0.274611 -0.274611 -0.274611 -0.274611 -0.274611 -0.274611 -0.274611 -0.274611 -0.274611 -0.274611 -0.274611 -0.274611 
-0.274611 -0.274611 -0.274611 -0.274611 -0.274611 -0.274611 -0.274611 -0.274611 -0.274611 -0.274611 -0.274611 -0.274611 -0.274611 -0.274611 -0.274611 -0.274611 -0.274611 -0.274611 -0.274611 -0.274611 -0.274611 -0.274611 -0.274611 -0.274611 
-0.274611 -0.274611 -0.274611 -0.381084 -0.581368 -0.552728 -0.495179 -0.264886 0.057561 -0.171165 -0.274611 -0.274611 -0.274611 -0.274611 -0.274611 -0.274611 -0.274611 -0.274611 -0.274611 -0.274611 -0.274611 -0.274611 -0.274611 -0.274611 
-0.274611 -0.274611 -0.274611 -0.526228 -0.787245 -0.867235 -0.729385 -0.199733 0.226558 -0.049214 -0.274611 -0.274611 -0.274611 -0.274611 -0.274611 -0.274611 -0.274611 -0.274611 -0.274611 -0.274611 -0.274611 -0.274611 -0.274611 -0.274611 
-0.274611 -0.274611 -0.274611 -0.540117 -0.886002 -0.939392 -0.801486 0.143509 0.564807 0.012632 -0.274611 -0.274611 -0.274611 -0.274611 -0.274611 -0.274611 -0.274611 -0.274611 -0.274611 -0.274611 -0.274611 -0.274611 -0.274611 -0.274611 
-0.274611 -0.274611 -0.274611 -0.655042 -0.967194 -0.959469 -0.380226 0.812186 0.847004 0.215329 -0.274611 -0.274611 -0.274611 -0.274611 -0.274611 -0.274611 -0.274611 -0.274611 -0.274611 -0.274611 -0.274611 -0.274611 -0.274611 -0.274611 
-0.274611 -0.274611 -0.274611 -0.758865 -0.981343 -0.953249 0.136031 0.937188 0.956246 0.443884 -0.274611 -0.274611 -0.274611 -0.274611 -0.274611 -0.274611 -0.274611 -0.274611 -0.274611 -0.274611 -0.352776 -0.464115 -0.537017 -0.459228 
-0.274611 -0.274611 -0.274611 -0.757803 -0.971356 -0.950348 0.046184 0.931021 0.954435 0.608944 -0.248856 -0.274611 -0.274611 -0.274611 -0.274611 -0.274611 -0.274611 -0.274611 -0.314867 -0.458742 -0.656258 -0.812280 -0.878681 -0.708147 
-0.274611 -0.274611 -0.274611 -0.699346 -0.950932 -0.952275 -0.346115 0.865009 0.950323 0.675375 -0.161110 -0.274611 -0.274611 -0.274611 -0.274611 -0.274611 -0.278552 -0.325946 -0.570258 -0.752502 -0.893775 -0.952079 -0.934471 -0.801847 
-0.274611 -0.274611 -0.274611 -0.555463 -0.931195 -0.967344 -0.603742 0.812785 0.967137 0.787317 -0.185787 -0.274611 -0.274611 -0.274611 -0.274611 -0.299409 -0.527845 -0.688107 -0.834893 -0.939799 -0.959186 -0.974569 -0.911372 -0.263744 
-0.274611 -0.274611 -0.274611 -0.417996 -0.919044 -0.981164 -0.781527 0.719036 0.977283 0.889852 -0.042139 -0.274611 -0.274611 -0.274611 -0.370088 -0.581659 -0.767817 -0.921004 -0.936076 -0.954168 -0.958513 -0.888194 -0.462563 0.872387 
-0.274611 -0.274611 -0.274611 -0.318665 -0.895950 -0.987942 -0.894915 0.606012 0.981871 0.930611 0.027948 -0.274611 -0.286405 -0.436773 -0.653966 -0.835330 -0.933745 -0.950637 -0.957713 -0.874572 -0.399898 0.263299 0.726044 0.986679 
-0.274611 -0.274611 -0.274611 -0.274611 -0.885133 -0.988077 -0.904411 0.454479 0.973850 0.933739 0.046396 -0.476170 -0.624071 -0.766402 -0.867644 -0.927139 -0.966785 -0.946654 -0.688874 0.423583 0.799174 0.868011 0.964027 0.983061 
-0.274611 -0.274611 -0.274611 -0.274611 -0.885133 -0.988591 -0.914281 0.460559 0.977798 0.913264 -0.393474 -0.812660 -0.894528 -0.899002 -0.906416 -0.946826 -0.913460 -0.390491 0.774274 0.955505 0.956918 0.856782 0.818675 0.771463 
-0.274611 -0.274611 -0.274611 -0.274611 -0.885133 -0.988752 -0.911650 0.442406 0.963075 0.811537 -0.779718 -0.934815 -0.898554 -0.896760 -0.878023 -0.708515 0.088183 0.876859 0.976082 0.966155 0.825859 0.462658 0.068838 -0.079231 
-0.274611 -0.274611 -0.274611 -0.274611 -0.885133 -0.989301 -0.946424 0.102797 0.884286 0.361403 -0.852601 -0.934298 -0.833367 -0.459046 0.030375 0.696579 0.932841 0.968304 0.934386 0.725259 0.312851 -0.118822 -0.272674 -0.274611 
-0.274611 -0.274611 -0.274611 -0.274611 -0.876199 -0.988829 -0.955987 -0.306725 0.718553 -0.101524 -0.883868 -0.690437 0.091802 0.798057 0.943242 0.961023 0.932623 0.800627 0.488970 0.108225 -0.205585 -0.274611 -0.274611 -0.274611 
-0.274611 -0.274611 -0.274611 -0.274611 -0.826823 -0.977029 -0.893844 -0.336055 0.292281 0.107286 -0.149870 0.670808 0.939680 0.971249 0.945171 0.815358 0.529143 0.167526 -0.161075 -0.274611 -0.274611 -0.274611 -0.274611 -0.274611 
-0.274611 -0.274611 -0.274611 -0.274611 -0.779920 -0.933634 -0.840646 -0.251633 0.700844 0.861811 0.915010 0.965828 0.961913 0.863426 0.556768 0.186031 -0.159035 -0.274611 -0.274611 -0.274611 -0.274611 -0.274611 -0.274611 -0.274611 
-0.274611 -0.274611 -0.274611 -0.274611 -0.737146 -0.875083 -0.774712 0.043966 0.923094 0.969192 0.958310 0.882960 0.683354 0.346460 -0.144865 -0.264903 -0.274611 -0.274611 -0.274611 -0.274611 -0.274611 -0.274611 -0.274611 -0.274611 
-0.274611 -0.274611 -0.274611 -0.274611 -0.557868 -0.738229 -0.588922 0.184106 0.817893 0.835195 0.653539 0.306787 -0.054061 -0.187468 -0.274611 -0.274611 -0.274611 -0.274611 -0.274611 -0.274611 -0.274611 -0.274611 -0.274611 -0.274611 
-0.274611 -0.274611 -0.274611 -0.274611 -0.337824 -0.431663 -0.349031 -0.121385 0.080203 0.153436 -0.037805 -0.239415 -0.274611 -0.274611 -0.274611 -0.274611 -0.274611 -0.274611 -0.274611 -0.274611 -0.274611 -0.274611 -0.274611 -0.274611 
-0.274611 -0.274611 -0.274611 -0.274611 -0.274611 -0.274611 -0.274611 -0.274611 -0.274611 -0.274611 -0.274611 -0.274611 -0.274611 -0.274611 -0.274611 -0.274611 -0.274611 -0.274611 -0.274611 -0.274611 -0.274611 -0.274611 -0.274611 -0.274611 
-0.274611 -0.274611 -0.274611 -0.274611 -0.274611 -0.274611 -0.274611 -0.274611 -0.274611 -0.274611 -0.274611 -0.274611 -0.274611 -0.274611 -0.274611 -0.274611 -0.274611 -0.274611 -0.274611 -0.274611 -0.274611 -0.274611 -0.274611 -0.274611 
***************

-0.506422 -0.506422 -0.506422 -0.506422 -0.506422 -0.506422 -0.506422 -0.506422 -0.506422 -0.506422 -0.506422 -0.506422 -0.506422 -0.506422 -0.506422 -0.506422 -0.506422 -0.506422 -0.506422 -0.506422 -0.506422 -0.506422 -0.506422 -0.506422 
-0.506422 -0.506422 -0.506422 -0.506422 -0.506422 -0.506422 -0.506422 -0.506422 -0.506422 -0.506422 -0.506422 -0.506422 -0.506422 -0.506422 -0.506422 -0.506422 -0.506422 -0.506422 -0.506422 -0.506422 -0.506422 -0.506422 -0.506422 -0.506422 
-0.506422 -0.506422 -0.506422 -0.426303 -0.158810 -0.066234 -0.184097 -0.120466 -0.011992 -0.389061 -0.506422 -0.506422 -0.506422 -0.506422 -0.506422 -0.506422 -0.506422 -0.506422 -0.506422 -0.506422 -0.506422 -0.506422 -0.506422 -0.506422 
-0.506422 -0.506422 -0.506422 -0.217013 0.449576 0.590116 0.216675 0.247124 0.323543 -0.227758 -0.506422 -0.506422 -0.506422 -0.506422 -0.506422 -0.506422 -0.506422 -0.506422 -0.506422 -0.506422 -0.506422 -0.506422 -0.506422 -0.506422 
-0.506422 -0.506422 -0.506422 0.011893 0.753090 0.569102 -0.258602 -0.143538 0.170495 -0.281274 -0.506422 -0.506422 -0.506422 -0.506422 -0.506422 -0.506422 -0.506422 -0.506422 -0.506422 -0.506422 -0.506422 -0.506422 -0.506422 -0.506422 
-0.506422 -0.506422 -0.506422 0.114587 0.649261 -0.010775 -0.853822 -0.705489 -0.115545 -0.295475 -0.506422 -0.506422 -0.506422 -0.506422 -0.506422 -0.506422 -0.506422 -0.506422 -0.506422 -0.506422 -0.506422 -0.506422 -0.506422 -0.506422 
-0.506422 -0.506422 -0.506422 -0.175121 -0.095982 -0.858117 -0.972939 -0.903307 -0.406346 -0.256887 -0.506422 -0.506422 -0.506422 -0.506422 -0.506422 -0.506422 -0.506422 -0.506422 -0.506422 -0.506422 -0.448998 -0.307842 -0.171585 -0.211404 
-0.506422 -0.506422 -0.506422 -0.446567 -0.566190 -0.899488 -0.970083 -0.939280 -0.419399 -0.097012 -0.478127 -0.506422 -0.506422 -0.506422 -0.506422 -0.506422 -0.506422 -0.506422 -0.477750 -0.335293 0.046773 0.491556 0.741244 0.679977 
-0.506422 -0.506422 -0.506422 -0.577862 -0.587025 -0.814931 -0.939006 -0.939321 -0.549691 0.086942 -0.374552 -0.506422 -0.506422 -0.506422 -0.506422 -0.506422 -0.503694 -0.467599 -0.181267 0.346578 0.784116 0.928791 0.963816 0.813745 
-0.506422 -0.506422 -0.506422 -0.618927 -0.571007 -0.725771 -0.941587 -0.962513 -0.722111 -0.133594 -0.427830 -0.506422 -0.506422 -0.506422 -0.506422 -0.488976 -0.270548 0.130738 0.635833 0.913342 0.976094 0.961617 0.848634 -0.248683 
-0.506422 -0.506422 -0.506422 -0.569666 -0.358224 -0.542134 -0.941792 -0.971009 -0.799609 -0.254402 -0.400913 -0.506422 -0.506422 -0.506422 -0.435250 -0.148624 0.432043 0.828516 0.944852 0.934920 0.793463 -0.150473 -0.952831 -0.995105 
-0.506422 -0.506422 -0.506422 -0.543500 -0.220227 -0.432090 -0.943784 -0.972242 -0.808158 -0.328484 -0.387625 -0.506422 -0.498208 -0.371809 0.046199 0.613756 0.912201 0.941889 0.811366 -0.262411 -0.957459 -0.997523 -0.999770 -0.999648 
-0.506422 -0.506422 -0.506422 -0.506422 -0.049180 -0.234989 -0.936809 -0.976186 -0.807897 -0.353764 -0.363342 -0.297276 -0.042458 0.393036 0.844569 0.954242 0.924278 0.494106 -0.885108 -0.996326 -0.999333 -0.999487 -0.999608 -0.997918 
-0.506422 -0.506422 -0.506422 -0.506422 -0.049180 -0.203275 -0.923070 -0.973088 -0.821833 -0.241444 0.157774 0.500127 0.791699 0.939276 0.965280 0.856476 -0.353362 -0.988505 -0.999287 -0.999312 -0.998654 -0.996664 -0.988204 -0.934826 
-0.506422 -0.506422 -0.506422 -0.506422 -0.049180 -0.271368 -0.953815 -0.982640 -0.728555 0.362849 0.780456 0.936280 0.951388 0.882872 0.366751 -0.904290 -0.997726 -0.999466 -0.998820 -0.990801 -0.937931 -0.865287 -0.745656 -0.619805 
-0.506422 -0.506422 -0.506422 -0.506422 -0.049180 -0.274667 -0.931905 -0.944336 0.044269 0.918058 0.956968 0.880310 0.348814 -0.798495 -0.993392 -0.999167 -0.999274 -0.997057 -0.975127 -0.857602 -0.714741 -0.580175 -0.507432 -0.506422 
-0.506422 -0.506422 -0.506422 -0.506422 -0.083205 -0.312248 -0.882062 -0.755129 0.514989 0.814229 0.467198 -0.831572 -0.994212 -0.998824 -0.999385 -0.998300 -0.988674 -0.926398 -0.774304 -0.658372 -0.540929 -0.506422 -0.506422 -0.506422 
-0.506422 -0.506422 -0.506422 -0.506422 -0.258616 -0.569195 -0.896437 -0.887598 -0.792814 -0.903743 -0.992098 -0.999245 -0.999527 -0.998481 -0.992103 -0.940716 -0.798012 -0.672740 -0.561734 -0.506422 -0.506422 -0.506422 -0.506422 -0.506422 
-0.506422 -0.506422 -0.506422 -0.506422 -0.483969 -0.842052 -0.974744 -0.991173 -0.998652 -0.999612 -0.999545 -0.998989 -0.994298 -0.949296 -0.805729 -0.678470 -0.562664 -0.506422 -0.506422 -0.506422 -0.506422 -0.506422 -0.506422 -0.506422 
-0.506422 -0.506422 -0.506422 -0.506422 -0.650929 -0.925448 -0.994239 -0.999063 -0.999680 -0.999403 -0.996226 -0.967685 -0.840718 -0.732886 -0.566993 -0.511457 -0.506422 -0.506422 -0.506422 -0.506422 -0.506422 -0.506422 -0.506422 -0.506422 
-0.506422 -0.506422 -0.506422 -0.506422 -0.666915 -0.913028 -0.984670 -0.992912 -0.991011 -0.966125 -0.876985 -0.746602 -0.590741 -0.549523 -0.506422 -0.506422 -0.506422 -0.506422 -0.506422 -0.506422 -0.506422 -0.506422 -0.506422 -0.506422 
-0.506422 -0.506422 -0.506422 -0.506422 -0.559336 -0.726369 -0.851784 -0.842639 -0.735427 -0.667726 -0.607700 -0.524383 -0.506422 -0.506422 -0.506422 -0.506422 -0.506422 -0.506422 -0.506422 -0.506422 -0.506422 -0.506422 -0.506422 -0.506422 
-0.506422 -0.506422 -0.506422 -0.506422 -0.506422 -0.506422 -0.506422 -0.506422 -0.506422 -0.506422 -0.506422 -0.506422 -0.506422 -0.506422 -0.506422 -0.506422 -0.506422 -0.506422 -0.506422 -0.506422 -0.506422 -0.506422 -0.506422 -0.506422 
-0.506422 -0.506422 -0.506422 -0.506422 -0.506422 -0.506422 -0.506422 -0.506422 -0.506422 -0.506422 -0.506422 -0.506422 -0.506422 -0.506422 -0.506422 -0.506422 -0.506422 -0.506422 -0.506422 -0.506422 -0.506422 -0.506422 -0.506422 -0.506422 
***************

-0.463952 -0.463952 -0.463952 -0.463952 -0.463952 -0.463952 -0.463952 -0.463952 -0.463952 -0.463952 -0.463952 -0.463952 -0.463952 -0.463952 -0.463952 -0.463952 -0.463952 -0.463952 -0.463952 -0.463952 -0.463952 -0.463952 -0.463952 -0.463952 
-0.463952 -0.463952 -0.463952 -0.463952 -0.463952 -0.463952 -0.463952 -0.463952 -0.463952 -0.463952 -0.463952 -0.463952 -0.463952 -0.463952 -0.463952 -0.463952 -0.463952 -0.463952 -0.463952 -0.463952 -0.463952 -0.463952 -0.463952 -0.463952 
-0.463952 -0.463952 -0.463952 -0.488436 -0.597864 -0.727845 -0.664957 -0.254740 -0.258610 -0.427014 -0.463952 -0.463952 -0.463952 -0.463952 -0.463952 -0.463952 -0.463952 -0.463952 -0.463952 -0.463952 -0.463952 -0.463952 -0.463952 -0.463952 
-0.463952 -0.463952 -0.463952 -0.630614 -0.883099 -0.878719 -0.204192 0.195769 -0.407811 -0.490111 -0.463952 -0.463952 -0.463952 -0.463952 -0.463952 -0.463952 -0.463952 -0.463952 -0.463952 -0.463952 -0.463952 -0.463952 -0.463952 -0.463952 
-0.463952 -0.463952 -0.463952 -0.781711 -0.954033 -0.787170 0.601254 0.041878 -0.774132 -0.661390 -0.463952 -0.463952 -0.463952 -0.463952 -0.463952 -0.463952 -0.463952 -0.463952 -0.463952 -0.463952 -0.463952 -0.463952 -0.463952 -0.463952 
-0.463952 -0.463952 -0.463952 -0.792663 -0.926870 -0.242943 0.704297 -0.611928 -0.937258 -0.725571 -0.463952 -0.463952 -0.463952 -0.463952 -0.463952 -0.463952 -0.463952 -0.463952 -0.463952 -0.463952 -0.463952 -0.463952 -0.463952 -0.463952 
-0.463952 -0.463952 -0.463952 -0.694512 -0.766717 0.242787 0.094971 -0.962810 -0.959778 -0.733370 -0.463952 -0.463952 -0.463952 -0.463952 -0.463952 -0.463952 -0.463952 -0.463952 -0.463952 -0.463952 -0.481806 -0.553437 -0.656266 -0.635481 
-0.463952 -0.463952 -0.463952 -0.520200 -0.616683 -0.188716 -0.553325 -0.954485 -0.960430 -0.748221 -0.454724 -0.463952 -0.463952 -0.463952 -0.463952 -0.463952 -0.463952 -0.463952 -0.473074 -0.530456 -0.729062 -0.880642 -0.872239 -0.509304 
-0.463952 -0.463952 -0.463952 -0.397804 -0.556719 -0.575102 -0.560102 -0.890294 -0.948266 -0.818802 -0.450575 -0.463952 -0.463952 -0.463952 -0.463952 -0.463952 -0.464839 -0.477984 -0.604983 -0.844799 -0.953377 -0.925611 -0.701741 0.164420 
-0.463952 -0.463952 -0.463952 -0.360846 -0.550693 -0.740235 -0.512242 -0.693404 -0.947362 -0.893635 -0.566087 -0.463952 -0.463952 -0.463952 -0.463952 -0.469555 -0.543019 -0.743229 -0.938237 -0.957890 -0.863309 -0.453942 -0.144822 0.465259 
-0.463952 -0.463952 -0.463952 -0.402347 -0.621832 -0.736379 -0.074569 -0.544587 -0.968734 -0.930018 -0.577405 -0.463952 -0.463952 -0.463952 -0.485848 -0.614956 -0.889912 -0.959066 -0.911004 -0.557238 0.376747 0.477109 0.347462 -0.141616 
-0.463952 -0.463952 -0.463952 -0.438022 -0.693541 -0.762512 0.160069 -0.398117 -0.977925 -0.936187 -0.612996 -0.463952 -0.466611 -0.508688 -0.724875 -0.929466 -0.964889 -0.854491 0.376687 0.834452 0.663974 -0.312917 -0.671040 -0.930989 
-0.463952 -0.463952 -0.463952 -0.463952 -0.737600 -0.785908 0.274945 -0.229052 -0.978696 -0.953155 -0.640778 -0.554859 -0.690056 -0.844803 -0.941780 -0.938927 -0.516705 0.720548 0.920710 0.646949 -0.767240 -0.956452 -0.929809 -0.974059 
-0.463952 -0.463952 -0.463952 -0.463952 -0.737600 -0.788680 0.270665 -0.139617 -0.969448 -0.957050 -0.847152 -0.888449 -0.916167 -0.883509 -0.807387 0.032633 0.883108 0.892468 -0.038347 -0.971554 -0.987849 -0.956761 -0.925346 -0.952805 
-0.463952 -0.463952 -0.463952 -0.463952 -0.737600 -0.772169 0.404415 -0.044908 -0.986024 -0.994157 -0.975654 -0.923120 -0.667676 -0.118277 0.520064 0.827107 0.591971 -0.721545 -0.985133 -0.992544 -0.973147 -0.773102 -0.604533 -0.635749 
-0.463952 -0.463952 -0.463952 -0.463952 -0.737600 -0.756151 0.408558 -0.529097 -0.998769 -0.997928 -0.886807 -0.072765 0.713429 0.674325 0.340416 -0.322218 -0.929524 -0.987758 -0.986441 -0.949174 -0.696181 -0.460639 -0.463867 -0.463952 
-0.463952 -0.463952 -0.463952 -0.463952 -0.732750 -0.752026 0.043139 -0.885737 -0.998922 -0.965051 0.537059 0.836040 0.558315 -0.611647 -0.929617 -0.976889 -0.983014 -0.965734 -0.861176 -0.557624 -0.460965 -0.463952 -0.463952 -0.463952 
-0.463952 -0.463952 -0.463952 -0.463952 -0.682281 -0.664534 -0.050126 -0.874446 -0.967139 -0.173810 0.603226 -0.028082 -0.927956 -0.987949 -0.982841 -0.968290 -0.882378 -0.616179 -0.459083 -0.463952 -0.463952 -0.463952 -0.463952 -0.463952 
-0.463952 -0.463952 -0.463952 -0.463952 -0.490734 -0.283539 0.379656 -0.356718 -0.586267 -0.317788 -0.871342 -0.974200 -0.988271 -0.978929 -0.890744 -0.623777 -0.458997 -0.463952 -0.463952 -0.463952 -0.463952 -0.463952 -0.463952 -0.463952 
-0.463952 -0.463952 -0.463952 -0.463952 -0.282733 0.219140 0.594114 -0.096662 -0.828777 -0.966353 -0.982084 -0.975473 -0.942119 -0.672467 -0.474862 -0.463526 -0.463952 -0.463952 -0.463952 -0.463952 -0.463952 -0.463952 -0.463952 -0.463952 
-0.463952 -0.463952 -0.463952 -0.463952 -0.307116 0.133322 0.272455 -0.563275 -0.925523 -0.965721 -0.919166 -0.715222 -0.588709 -0.460196 -0.463952 -0.463952 -0.463952 -0.463952 -0.463952 -0.463952 -0.463952 -0.463952 -0.463952 -0.463952 
-0.463952 -0.463952 -0.463952 -0.463952 -0.426255 -0.292456 -0.250910 -0.595106 -0.819063 -0.737020 -0.511997 -0.462417 -0.463952 -0.463952 -0.463952 -0.463952 -0.463952 -0.463952 -0.463952 -0.463952 -0.463952 -0.463952 -0.463952 -0.463952 
-0.463952 -0.463952 -0.463952 -0.463952 -0.463952 -0.463952 -0.463952 -0.463952 -0.463952 -0.463952 -0.463952 -0.463952 -0.463952 -0.463952 -0.463952 -0.463952 -0.463952 -0.463952 -0.463952 -0.463952 -0.463952 -0.463952 -0.463952 -0.463952 
-0.463952 -0.463952 -0.463952 -0.463952 -0.463952 -0.463952 -0.463952 -0.463952 -0.463952 -0.463952 -0.463952 -0.463952 -0.463952 -0.463952 -0.463952 -0.463952 -0.463952 -0.463952 -0.463952 -0.463952 -0.463952 -0.463952 -0.463952 -0.463952 
***************

-0.024395 -0.024395 -0.024395 -0.024395 -0.024395 -0.024395 -0.024395 -0.024395 -0.024395 -0.024395 -0.024395 -0.024395 -0.024395 -0.024395 -0.024395 -0.024395 -0.024395 -0.024395 -0.024395 -0.024395 -0.024395 -0.024395 -0.024395 -0.024395 
-0.024395 -0.024395 -0.024395 -0.024395 -0.024395 -0.024395 -0.024395 -0.024395 -0.024395 -0.024395 -0.024395 -0.024395 -0.024395 -0.024395 -0.024395 -0.024395 -0.024395 -0.024395 -0.024395 -0.024395 -0.024395 -0.024395 -0.024395 -0.024395 
-0.024395 -0.024395 -0.024395 0.039008 0.184438 0.110819 -0.153691 -0.464475 -0.596405 -0.200779 -0.024395 -0.024395 -0.024395 -0.024395 -0.024395 -0.024395 -0.024395 -0.024395 -0.024395 -0.024395 -0.024395 -0.024395 -0.024395 -0.024395 
-0.024395 -0.024395 -0.024395 0.232720 0.610908 0.610318 0.173277 -0.770030 -0.822589 -0.391202 -0.024395 -0.024395 -0.024395 -0.024395 -0.024395 -0.024395 -0.024395 -0.024395 -0.024395 -0.024395 -0.024395 -0.024395 -0.024395 -0.024395 
-0.024395 -0.024395 -0.024395 0.427577 0.846357 0.883044 0.370130 -0.832379 -0.899115 -0.400942 -0.024395 -0.024395 -0.024395 -0.024395 -0.024395 -0.024395 -0.024395 -0.024395 -0.024395 -0.024395 -0.024395 -0.024395 -0.024395 -0.024395 
-0.024395 -0.024395 -0.024395 0.473315 0.882584 0.901278 -0.097768 -0.964627 -0.965904 -0.563975 -0.024395 -0.024395 -0.024395 -0.024395 -0.024395 -0.024395 -0.024395 -0.024395 -0.024395 -0.024395 -0.024395 -0.024395 -0.024395 -0.024395 
-0.024395 -0.024395 -0.024395 0.589772 0.978849 0.963648 -0.215512 -0.983629 -0.985642 -0.715011 -0.024395 -0.024395 -0.024395 -0.024395 -0.024395 -0.024395 -0.024395 -0.024395 -0.024395 -0.024395 0.021657 0.098125 0.107586 -0.067641 
-0.024395 -0.024395 -0.024395 0.698569 0.982972 0.977297 0.027465 -0.970557 -0.988649 -0.817039 -0.069741 -0.024395 -0.024395 -0.024395 -0.024395 -0.024395 -0.024395 -0.024395 -0.000992 0.091764 0.295439 0.446329 0.429780 -0.242716 
-0.024395 -0.024395 -0.024395 0.547274 0.970928 0.972566 0.361046 -0.931524 -0.988648 -0.897338 -0.218600 -0.024395 -0.024395 -0.024395 -0.024395 -0.024395 -0.022131 0.005842 0.205277 0.466606 0.688985 0.772060 0.575188 -0.308993 
-0.024395 -0.024395 -0.024395 0.477876 0.953779 0.982068 0.664000 -0.866769 -0.988954 -0.919504 -0.159679 -0.024395 -0.024395 -0.024395 -0.024395 -0.010053 0.142068 0.314067 0.557290 0.717486 0.744773 0.695608 0.280289 -0.704815 
-0.024395 -0.024395 -0.024395 0.172845 0.921328 0.986532 0.818868 -0.856113 -0.993478 -0.952511 -0.302828 -0.024395 -0.024395 -0.024395 0.032221 0.205739 0.523505 0.713975 0.787622 0.606392 0.604247 0.640906 0.229799 -0.835215 
-0.024395 -0.024395 -0.024395 0.097460 0.903416 0.991581 0.913738 -0.781551 -0.994696 -0.969614 -0.395417 -0.024395 -0.017602 0.075243 0.323643 0.602472 0.804676 0.791972 0.478198 0.376999 0.246239 0.308675 -0.111779 -0.912377 
-0.024395 -0.024395 -0.024395 -0.024395 0.855970 0.992486 0.957167 -0.654659 -0.993077 -0.969741 -0.353591 0.106070 0.189069 0.346432 0.516790 0.698774 0.670591 0.386319 0.086932 -0.346921 -0.524903 -0.524049 -0.590201 -0.914665 
-0.024395 -0.024395 -0.024395 -0.024395 0.855970 0.990735 0.933587 -0.709960 -0.993931 -0.965336 -0.115119 0.469064 0.555938 0.506721 0.398923 0.427017 0.593835 0.312792 -0.307399 -0.698198 -0.563381 -0.169996 -0.459255 -0.677210 
-0.024395 -0.024395 -0.024395 -0.024395 0.855970 0.992049 0.952857 -0.644170 -0.990914 -0.923402 0.419067 0.700301 0.543032 0.258055 0.189171 0.426163 0.184148 -0.363941 -0.838100 -0.877004 -0.690311 -0.246521 -0.109147 -0.140758 
-0.024395 -0.024395 -0.024395 -0.024395 0.855970 0.991791 0.959289 -0.479145 -0.979651 -0.790427 0.431972 0.423702 -0.041434 -0.261203 -0.024018 -0.169576 -0.530908 -0.840217 -0.858685 -0.692686 -0.313092 -0.071145 -0.024984 -0.024395 
-0.024395 -0.024395 -0.024395 -0.024395 0.850215 0.991775 0.977585 0.128294 -0.880733 -0.611202 0.198046 0.173277 -0.283086 -0.516599 -0.567213 -0.694588 -0.789025 -0.722687 -0.471259 -0.172092 -0.045002 -0.024395 -0.024395 -0.024395 
-0.024395 -0.024395 -0.024395 -0.024395 0.810072 0.988417 0.980528 0.473170 -0.618564 -0.337472 0.100176 -0.122283 -0.585805 -0.747515 -0.770356 -0.717927 -0.498357 -0.212382 -0.057937 -0.024395 -0.024395 -0.024395 -0.024395 -0.024395 
-0.024395 -0.024395 -0.024395 -0.024395 0.709356 0.963293 0.885399 0.243809 -0.393204 -0.420253 -0.438150 -0.715380 -0.819060 -0.781164 -0.518802 -0.224316 -0.058524 -0.024395 -0.024395 -0.024395 -0.024395 -0.024395 -0.024395 -0.024395 
-0.024395 -0.024395 -0.024395 -0.024395 0.593688 0.905917 0.880515 0.471082 -0.348432 -0.613713 -0.761736 -0.790107 -0.637394 -0.317330 -0.068209 -0.027340 -0.024395 -0.024395 -0.024395 -0.024395 -0.024395 -0.024395 -0.024395 -0.024395 
-0.024395 -0.024395 -0.024395 -0.024395 0.497397 0.823874 0.850792 0.518375 -0.397519 -0.644436 -0.557586 -0.300551 -0.137279 -0.050296 -0.024395 -0.024395 -0.024395 -0.024395 -0.024395 -0.024395 -0.024395 -0.024395 -0.024395 -0.024395 
-0.024395 -0.024395 -0.024395 -0.024395 0.150907 0.498087 0.523305 0.120167 -0.249289 -0.261400 -0.112922 -0.034997 -0.024395 -0.024395 -0.024395 -0.024395 -0.024395 -0.024395 -0.024395 -0.024395 -0.024395 -0.024395 -0.024395 -0.024395 
-0.024395 -0.024395 -0.024395 -0.024395 -0.024395 -0.024395 -0.024395 -0.024395 -0.024395 -0.024395 -0.024395 -0.024395 -0.024395 -0.024395 -0.024395 -0.024395 -0.024395 -0.024395 -0.024395 -0.024395 -0.024395 -0.024395 -0.024395 -0.024395 
-0.024395 -0.024395 -0.024395 -0.024395 -0.024395 -0.024395 -0.024395 -0.024395 -0.024395 -0.024395 -0.024395 -0.024395 -0.024395 -0.024395 -0.024395 -0.024395 -0.024395 -0.024395 -0.024395 -0.024395 -0.024395 -0.024395 -0.024395 -0.024395 
***************

-0.342970 -0.342970 -0.342970 -0.342970 -0.342970 -0.342970 -0.342970 -0.342970 -0.342970 -0.342970 -0.342970 -0.342970 -0.342970 -0.342970 -0.342970 -0.342970 -0.342970 -0.342970 -0.342970 -0.342970 -0.342970 -0.342970 -0.342970 -0.342970 
-0.342970 -0.342970 -0.342970 -0.342970 -0.342970 -0.342970 -0.342970 -0.342970 -0.342970 -0.342970 -0.342970 -0.342970 -0.342970 -0.342970 -0.342970 -0.342970 -0.342970 -0.342970 -0.342970 -0.342970 -0.342970 -0.342970 -0.342970 -0.342970 
-0.342970 -0.342970 -0.342970 -0.337091 -0.483195 -0.806058 -0.910586 -0.926565 -0.839589 -0.494554 -0.342970 -0.342970 -0.342970 -0.342970 -0.342970 -0.342970 -0.342970 -0.342970 -0.342970 -0.342970 -0.342970 -0.342970 -0.342970 -0.342970 
-0.342970 -0.342970 -0.342970 -0.322549 -0.609543 -0.914879 -0.987643 -0.991914 -0.948925 -0.627081 -0.342970 -0.342970 -0.342970 -0.342970 -0.342970 -0.342970 -0.342970 -0.342970 -0.342970 -0.342970 -0.342970 -0.342970 -0.342970 -0.342970 
-0.342970 -0.342970 -0.342970 -0.200071 -0.245930 -0.851335 -0.968480 -0.978785 -0.930832 -0.584092 -0.342970 -0.342970 -0.342970 -0.342970 -0.342970 -0.342970 -0.342970 -0.342970 -0.342970 -0.342970 -0.342970 -0.342970 -0.342970 -0.342970 
-0.342970 -0.342970 -0.342970 -0.021072 0.135274 -0.279738 -0.792796 -0.948286 -0.947668 -0.673790 -0.342970 -0.342970 -0.342970 -0.342970 -0.342970 -0.342970 -0.342970 -0.342970 -0.342970 -0.342970 -0.342970 -0.342970 -0.342970 -0.342970 
-0.342970 -0.342970 -0.342970 -0.005470 0.624529 0.568891 -0.271577 -0.924396 -0.981993 -0.813359 -0.342970 -0.342970 -0.342970 -0.342970 -0.342970 -0.342970 -0.342970 -0.342970 -0.342970 -0.342970 -0.338703 -0.449332 -0.671072 -0.846112 
-0.342970 -0.342970 -0.342970 -0.017229 0.701870 0.744835 -0.025014 -0.948208 -0.990452 -0.894939 -0.383620 -0.342970 -0.342970 -0.342970 -0.342970 -0.342970 -0.342970 -0.342970 -0.340803 -0.393586 -0.621769 -0.883589 -0.980064 -0.996979 
-0.342970 -0.342970 -0.342970 -0.164145 0.682424 0.812461 0.109263 -0.920179 -0.993124 -0.945230 -0.504863 -0.342970 -0.342970 -0.342970 -0.342970 -0.342970 -0.342760 -0.346213 -0.406124 -0.739351 -0.930972 -0.988899 -0.998025 -0.998949 
-0.342970 -0.342970 -0.342970 -0.240682 0.525076 0.780250 0.324241 -0.752014 -0.982834 -0.936479 -0.430595 -0.342970 -0.342970 -0.342970 -0.342970 -0.341642 -0.365698 -0.689073 -0.913950 -0.979783 -0.995109 -0.996187 -0.991007 -0.975527 
-0.342970 -0.342970 -0.342970 -0.317446 0.291423 0.728894 0.273517 -0.684518 -0.976604 -0.955358 -0.519899 -0.342970 -0.342970 -0.342970 -0.337722 -0.466257 -0.778243 -0.945272 -0.989139 -0.994387 -0.966120 -0.347433 0.625150 0.621599 
-0.342970 -0.342970 -0.342970 -0.335989 0.163029 0.609307 0.200891 -0.610908 -0.974329 -0.972749 -0.606138 -0.342970 -0.342341 -0.351844 -0.564781 -0.852746 -0.957501 -0.991746 -0.988738 -0.804834 0.610973 0.976317 0.980650 0.957073 
-0.342970 -0.342970 -0.342970 -0.342970 0.097824 0.577820 0.203361 -0.620410 -0.969803 -0.968487 -0.612122 -0.445006 -0.678056 -0.890797 -0.968484 -0.987794 -0.992076 -0.952962 -0.395836 0.824189 0.953188 0.962942 0.902601 0.650502 
-0.342970 -0.342970 -0.342970 -0.342970 0.097824 0.581680 0.236956 -0.546118 -0.959844 -0.966872 -0.766476 -0.876470 -0.978255 -0.995162 -0.996593 -0.986445 -0.750523 0.612626 0.931135 0.928504 0.658122 0.263071 0.189490 -0.187817 
-0.342970 -0.342970 -0.342970 -0.342970 0.097824 0.584517 0.328467 -0.339695 -0.950301 -0.986935 -0.972135 -0.991313 -0.996744 -0.991280 -0.903523 0.190438 0.917498 0.961679 0.876124 0.190512 -0.387714 -0.500725 -0.357045 -0.338955 
-0.342970 -0.342970 -0.342970 -0.342970 0.097824 0.580556 0.272706 -0.707824 -0.993351 -0.998891 -0.997589 -0.991908 -0.912039 -0.025268 0.850098 0.954873 0.938380 0.683055 -0.151100 -0.507948 -0.547554 -0.433592 -0.344207 -0.342970 
-0.342970 -0.342970 -0.342970 -0.342970 0.095629 0.601531 0.308261 -0.629358 -0.992313 -0.998175 -0.955384 -0.116802 0.811003 0.947604 0.929750 0.724155 0.132541 -0.403678 -0.501719 -0.501018 -0.385531 -0.342970 -0.342970 -0.342970 
-0.342970 -0.342970 -0.342970 -0.342970 0.083613 0.748685 0.844799 0.620252 -0.495400 -0.492345 0.777839 0.961776 0.944540 0.754910 0.116618 -0.363518 -0.489611 -0.499180 -0.411482 -0.342970 -0.342970 -0.342970 -0.342970 -0.342970 
-0.342970 -0.342970 -0.342970 -0.342970 0.026750 0.772710 0.957188 0.981554 0.940068 0.918036 0.951844 0.858649 0.300429 -0.388366 -0.489420 -0.507610 -0.412647 -0.342970 -0.342970 -0.342970 -0.342970 -0.342970 -0.342970 -0.342970 
-0.342970 -0.342970 -0.342970 -0.342970 -0.162805 0.614050 0.909430 0.976797 0.951523 0.794432 0.405026 -0.222999 -0.412281 -0.582588 -0.412608 -0.349142 -0.342970 -0.342970 -0.342970 -0.342970 -0.342970 -0.342970 -0.342970 -0.342970 
-0.342970 -0.342970 -0.342970 -0.342970 -0.289304 0.136708 0.564353 0.770462 0.517375 -0.151902 -0.429198 -0.504733 -0.400360 -0.396225 -0.342970 -0.342970 -0.342970 -0.342970 -0.342970 -0.342970 -0.342970 -0.342970 -0.342970 -0.342970 
-0.342970 -0.342970 -0.342970 -0.342970 -0.332875 -0.239772 -0.088347 -0.061719 -0.191725 -0.401541 -0.450837 -0.365049 -0.342970 -0.342970 -0.342970 -0.342970 -0.342970 -0.342970 -0.342970 -0.342970 -0.342970 -0.342970 -0.342970 -0.342970 
-0.342970 -0.342970 -0.342970 -0.342970 -0.342970 -0.342970 -0.342970 -0.342970 -0.342970 -0.342970 -0.342970 -0.342970 -0.342970 -0.342970 -0.342970 -0.342970 -0.342970 -0.342970 -0.342970 -0.342970 -0.342970 -0.342970 -0.342970 -0.342970 
-0.342970 -0.342970 -0.342970 -0.342970 -0.342970 -0.342970 -0.342970 -0.342970 -0.342970 -0.342970 -0.342970 -0.342970 -0.342970 -0.342970 -0.342970 -0.342970 -0.342970 -0.342970 -0.342970 -0.342970 -0.342970 -0.342970 -0.342970 -0.342970 
***************

