-0.841088 -0.902541 -0.997161 -0.999895 -0.999932 -0.999887 -0.999398 -0.995819 
0.999450 0.956941 0.323796 0.571336 0.144561 -0.730074 -0.328162 0.534861 
0.945587 0.670854 0.766264 0.805332 0.409647 -0.474619 0.851920 0.706513 
-0.902348 -0.954442 -0.974937 -0.994871 -0.999903 -0.766730 0.832969 -0.935836 
-0.511665 -0.506237 -0.772758 -0.994330 -0.466633 0.999709 0.908940 -0.997151 
-0.903972 -0.940006 -0.993063 -0.997471 0.973440 0.992990 -0.933632 -0.998883 
-0.938757 -0.968414 -0.999375 -0.409778 0.996259 0.574320 -0.997872 -0.997148 
-0.964568 -0.999098 -0.987661 0.998821 0.997800 -0.898771 -0.998266 -0.974668 
***************

0.593092 0.719452 0.926582 0.922085 0.941287 0.984015 0.994081 0.970579 
-0.995537 -0.933330 -0.604371 -0.689886 -0.402272 0.748301 0.936977 0.964523 
-0.999978 -0.999990 -0.999996 -0.999996 -0.999839 -0.996264 -0.855179 0.425994 
-0.999425 -0.999906 -0.999985 -0.999977 -0.998353 -0.997839 -0.982791 -0.938087 
-0.992959 -0.998883 -0.999957 -0.999856 -0.998938 -0.986180 -0.994860 -0.972380 
-0.956376 -0.993282 -0.997898 -0.965354 -0.978710 -0.046653 -0.898739 -0.922010 
-0.981294 -0.998603 -0.982873 -0.818731 -0.071462 -0.796766 -0.836047 -0.931720 
-0.995066 -0.993913 -0.959441 -0.815484 -0.459770 -0.839918 -0.925491 -0.986496 
***************

-0.995670 -0.994590 -0.999584 -0.999986 -0.999995 -0.999997 -0.999996 -0.999987 
0.998500 0.999318 0.998971 0.988157 0.985900 0.995053 0.790457 -0.991621 
-0.294216 0.073567 0.888743 0.953549 0.984966 0.987479 0.969055 -0.735057 
-0.999963 -0.999976 -0.999972 -0.999937 -0.999103 -0.999176 -0.999917 -0.999931 
-0.933982 -0.988183 -0.999104 -0.992310 -0.920110 -0.968365 -0.999624 -0.999807 
-0.983929 -0.992251 -0.986224 -0.960042 -0.995958 -0.997095 -0.998960 -0.999119 
-0.992415 -0.998495 -0.988904 -0.947809 -0.996222 -0.999822 -0.999767 -0.995752 
-0.997572 -0.991904 -0.981656 -0.988687 -0.981753 -0.991811 -0.996358 -0.992041 
***************

0.841421 -0.095647 -0.977040 -0.988926 -0.974216 -0.869456 -0.321094 -0.191123 
-0.588434 -0.998675 -0.998910 -0.992025 -0.991437 -0.939668 -0.528851 -0.844265 
-0.998829 -0.997360 -0.988038 -0.998606 -0.997561 -0.813604 -0.814122 -0.999747 
-0.991941 -0.968392 -0.998558 -0.999313 -0.840081 0.969829 -0.604258 -0.999991 
-0.976162 -0.992270 -0.999360 -0.935635 0.994665 0.971336 -0.999692 -0.999990 
-0.997163 -0.999612 -0.997407 -0.115097 0.997220 -0.879233 -0.999995 -0.999942 
-0.999427 -0.999561 -0.959057 0.988648 0.872091 -0.999764 -0.999980 -0.999691 
-0.999819 -0.995752 0.840761 0.998741 -0.974465 -0.999998 -0.999942 -0.996308 
***************

-1.000000 -0.999997 -0.999943 -0.999973 -0.999976 -0.999792 -0.998289 -0.995155 
-0.845163 -0.987674 -0.999867 -0.999969 -0.999917 -0.999972 -0.999981 -0.999769 
0.999195 0.996837 0.984499 0.995681 0.999526 0.329695 -0.991677 -0.991367 
-0.690753 -0.704987 -0.387853 -0.330727 -0.848505 -0.996856 -0.959301 -0.938213 
-0.832300 -0.644730 -0.454583 -0.369634 -0.981338 -0.805182 -0.510166 -0.967803 
-0.894651 -0.841556 -0.718282 -0.798047 -0.851759 -0.697047 -0.859806 -0.989317 
-0.889703 -0.776461 -0.813716 -0.998811 -0.996243 -0.907210 -0.985150 -0.979958 
-0.936532 -0.977837 -0.993794 -0.853093 0.403904 -0.432982 -0.989366 -0.961381 
***************

-0.963875 -0.992553 -0.976055 -0.990935 -0.995088 -0.987781 -0.993938 -0.999437 
-0.873757 -0.959095 -0.978091 -0.960171 -0.630380 0.467599 -0.738687 -0.999206 
-0.965483 -0.987676 -0.987686 -0.974721 0.290410 0.774211 -0.996360 -0.999998 
-0.938263 -0.965831 -0.962728 -0.051240 0.998115 0.736509 -0.999904 -0.999987 
-0.995845 -0.989967 -0.619927 0.994396 0.999118 -0.785142 -0.999641 -0.999931 
-0.998770 -0.992591 0.725331 0.999522 0.044002 -0.999862 -0.999956 -0.999325 
-0.996351 -0.565938 0.995975 0.985365 -0.985165 -0.999729 -0.999884 -0.998202 
-0.903001 0.942516 0.997704 -0.732467 -0.999802 -0.999933 -0.999014 -0.997213 
***************

-0.641771 0.299858 -0.931985 -0.998963 -0.999826 -0.999362 -0.997076 -0.995180 
0.999991 0.999948 0.999874 0.999948 0.999957 0.997953 0.964471 0.708692 
0.662980 0.770310 0.981588 0.979382 0.972944 0.856547 -0.422557 0.499794 
-0.987524 -0.990718 -0.996900 -0.998663 -0.999598 -0.998153 -0.946818 -0.673312 
-0.872026 -0.986999 -0.997910 -0.994864 -0.983119 -0.991970 -0.901671 -0.692445 
-0.838651 -0.963271 -0.980857 -0.998185 -0.999813 -0.922377 -0.537481 -0.842313 
-0.964688 -0.988870 -0.997752 -0.992544 -0.901435 -0.047199 -0.424378 -0.852901 
-0.993105 -0.996253 -0.992182 -0.958798 -0.374347 -0.246592 -0.798959 -0.914829 
***************

-0.999915 -0.999408 -0.996982 -0.989725 -0.982955 -0.911243 -0.655080 -0.734192 
-0.998047 -0.999446 -0.999915 -0.999958 -0.999960 -0.999993 -0.999995 -0.999989 
0.998274 0.998914 0.998564 0.996663 0.981317 -0.886931 -0.998931 -0.956836 
0.999548 0.999856 0.999969 0.999978 0.998560 0.350600 -0.105741 0.935970 
0.863853 0.959354 0.994361 0.993296 0.234757 -0.974934 0.319672 0.990303 
0.745397 0.919196 0.950692 -0.230696 -0.986363 -0.914548 0.696531 0.943287 
0.828390 0.933271 0.738568 -0.992383 -0.999054 -0.367097 0.976124 0.853422 
0.789514 0.800342 -0.931172 -0.996694 -0.752819 0.236937 0.837090 0.905036 
***************

0.978650 0.995866 0.994211 0.965843 0.923561 0.975366 0.962159 0.439520 
0.973427 0.966548 0.987133 0.997184 0.998817 0.994270 0.857539 -0.091370 
-0.999604 -0.999843 -0.999698 -0.999216 -0.994293 -0.999658 -0.999844 -0.998853 
0.048240 -0.574268 -0.889703 -0.832673 -0.905420 -0.947936 -0.995752 -0.998369 
-0.565451 -0.790900 -0.703934 -0.221031 -0.829757 -0.913129 -0.934393 -0.972810 
-0.930334 -0.961133 -0.787271 -0.973700 -0.998219 -0.997588 -0.995463 -0.967940 
-0.966903 -0.934665 -0.955052 -0.974492 -0.680693 -0.682108 -0.924405 -0.952590 
-0.966739 -0.880511 -0.900790 -0.956886 -0.997478 -0.997172 -0.966242 -0.934078 
***************

-0.604595 0.320864 0.579287 0.092499 0.498612 0.930703 0.927845 0.678133 
-0.998885 -0.999765 -0.999469 -0.998977 -0.996340 -0.989698 -0.988061 -0.989724 
-0.005366 -0.523499 -0.876752 -0.777364 -0.954597 -0.990167 -0.999846 -0.999451 
0.974203 0.931404 0.894452 0.988426 0.851466 -0.995862 -0.994207 -0.915596 
0.986526 0.988214 0.998138 0.997866 0.179585 -0.773852 -0.971431 -0.470622 
0.599574 0.814611 0.970873 0.597238 -0.987251 -0.998692 -0.784616 0.650324 
0.499217 0.953554 0.734185 -0.937127 -0.937832 -0.983838 -0.476621 0.701466 
0.649429 0.852730 -0.775481 -0.985723 -0.998893 -0.743841 0.737486 0.944248 
***************

-0.270521 -0.764181 -0.931241 -0.908455 -0.887105 -0.886840 -0.524483 0.732149 
-0.578638 -0.924693 -0.931596 -0.862959 -0.967883 -0.999361 -0.999400 -0.988643 
-0.793402 -0.287024 -0.067258 -0.766239 -0.967979 -0.995992 -0.974185 -0.970753 
0.843000 0.874566 0.786728 0.507179 -0.855982 -0.359015 0.377058 -0.950609 
-0.666958 -0.700402 -0.757454 -0.956606 -0.780015 0.484044 -0.627566 -0.820140 
-0.896201 -0.958298 -0.990282 -0.999226 -0.332180 -0.063387 -0.970445 -0.873765 
-0.945537 -0.986227 -0.999162 -0.930815 -0.187495 -0.826655 -0.829145 -0.840330 
-0.978118 -0.997396 -0.994842 0.136588 -0.810757 -0.977468 -0.919296 -0.715894 
***************

-0.934629 -0.971004 -0.992159 -0.996590 -0.998615 -0.998983 -0.992904 -0.889619 
0.744153 0.878231 0.059148 -0.696149 -0.987386 -0.991528 -0.952321 -0.737239 
-0.700685 -0.428545 -0.846513 -0.980271 -0.990993 -0.729909 0.923540 0.123376 
-0.962181 -0.968274 -0.998421 -0.999978 -0.999690 0.466082 -0.227339 -0.712143 
-0.977273 -0.993596 -0.999842 -0.999978 -0.220070 0.959462 0.335101 -0.855445 
-0.992289 -0.999575 -0.999970 -0.999491 0.985009 0.183265 -0.182839 -0.974689 
-0.998858 -0.999965 -0.999978 0.730616 0.902421 -0.432292 -0.908138 -0.997281 
-0.999909 -0.999984 -0.814344 0.986126 -0.196915 0.064036 -0.987331 -0.996877 
***************

-0.984672 -0.975895 -0.997620 -0.999891 -0.999897 -0.999764 -0.999773 -0.999496 
-0.440045 -0.892658 -0.999594 -0.999576 -0.999538 -0.999710 -0.997869 -0.981296 
-0.474120 -0.977553 -0.995604 -0.996114 -0.994990 -0.990819 -0.411291 -0.747787 
-0.992031 -0.992856 -0.995671 -0.999219 -0.998141 0.820970 0.998061 -0.950323 
-0.999968 -0.999945 -0.999991 -0.999994 -0.970301 0.999291 0.910885 -0.999778 
-0.999952 -0.999993 -0.999998 -0.999671 0.938495 0.997349 -0.991323 -0.999994 
-0.999975 -0.999997 -0.999993 -0.874722 0.998650 0.513484 -0.999905 -0.999997 
-0.999993 -0.999998 -0.994127 0.989515 0.984466 -0.998320 -0.999998 -0.999993 
***************

0.013588 -0.211608 -0.512965 -0.705840 -0.946944 -0.867029 -0.740204 -0.960174 
0.942047 0.990515 0.994147 0.982518 0.929962 0.987167 0.998833 0.851252 
-0.955257 -0.674523 -0.429191 -0.738912 0.561584 0.998996 0.996331 0.710169 
-0.998225 -0.997396 -0.999429 -0.998405 0.770820 0.970284 -0.617047 -0.919683 
-0.995571 -0.999392 -0.999904 -0.990034 0.901269 -0.548486 -0.952658 -0.992684 
-0.992764 -0.998815 -0.996466 0.953774 0.911843 -0.991018 -0.993360 -0.996459 
-0.997499 -0.998687 -0.135917 0.972348 -0.801865 -0.932655 -0.993582 -0.995242 
-0.997570 -0.930581 0.975426 0.902409 -0.925088 -0.995638 -0.993948 -0.994085 
***************

-0.997335 -0.912161 -0.951233 -0.995861 -0.997063 -0.999360 -0.999881 -0.999342 
-0.685852 -0.672369 -0.984118 -0.970179 -0.900497 -0.995824 -0.999772 -0.996966 
-0.258614 -0.842701 -0.827743 -0.006641 -0.846141 -0.999905 -0.997137 0.072438 
-0.842738 -0.647522 0.318589 0.269882 -0.997520 -0.999881 0.860738 0.822849 
-0.899028 -0.278210 0.003910 -0.980605 -0.999990 -0.563749 0.990235 0.055859 
-0.881298 -0.582421 -0.936884 -0.999941 -0.999689 0.902288 0.410949 -0.957830 
-0.562776 -0.801728 -0.999780 -0.999994 -0.679626 0.945524 -0.414783 -0.991039 
-0.490314 -0.992096 -0.999997 -0.999025 0.972521 0.376793 -0.989605 -0.959076 
***************

0.947721 0.754894 0.782555 0.984520 0.995926 0.998061 0.999292 0.997164 
-0.994530 -0.996725 -0.899676 -0.813175 -0.692269 0.749887 0.983038 0.715914 
-0.999798 -0.999664 -0.999411 -0.999141 -0.968687 0.829703 0.350790 -0.993944 
-0.995407 -0.998195 -0.999542 -0.994837 0.795904 0.584497 -0.999291 -0.999963 
-0.305479 -0.626537 -0.360548 0.985227 0.999527 -0.232804 -0.999896 -0.999223 
-0.831116 -0.722914 0.829192 0.999929 0.998693 -0.989922 -0.999200 -0.992575 
-0.826907 0.310253 0.999285 0.999916 -0.552733 -0.999864 -0.999362 -0.905019 
-0.336567 0.984627 0.999941 0.971073 -0.998448 -0.997750 -0.972908 -0.531417 
***************

