-0.826059 -0.893978 -0.994157 -0.967621 -0.959451 -0.968232 -0.988079 -0.993865 
0.987561 0.953106 0.314914 0.556736 0.097636 -0.735319 -0.331057 0.519644 
0.942186 0.654769 0.754618 0.781948 0.391440 -0.467391 0.848907 0.711648 
-0.902243 -0.954350 -0.974473 -0.992873 -0.965870 -0.762553 0.831440 -0.932512 
-0.511633 -0.506250 -0.768180 -0.992797 -0.469115 0.981545 0.907252 -0.994162 
-0.903969 -0.939985 -0.991615 -0.994085 0.971317 0.991464 -0.932010 -0.991825 
-0.938760 -0.966254 -0.988300 -0.412683 0.993804 0.570123 -0.993913 -0.994159 
-0.964353 -0.990841 -0.987288 0.992581 0.994043 -0.896008 -0.993470 -0.974528 
******************

0.572705 0.681902 0.913577 0.908607 0.932614 0.981190 0.992128 0.967520 
-0.993760 -0.940697 -0.668418 -0.753251 -0.517106 0.657851 0.908494 0.952458 
-0.932857 -0.912165 -0.879545 -0.880305 -0.971020 -0.994161 -0.886431 0.330594 
-0.987386 -0.963873 -0.922225 -0.933303 -0.993424 -0.993906 -0.983320 -0.941513 
-0.991907 -0.991709 -0.948031 -0.970271 -0.991457 -0.986133 -0.993468 -0.972629 
-0.956322 -0.992160 -0.993795 -0.966142 -0.978639 -0.062085 -0.902848 -0.923650 
-0.981030 -0.992661 -0.983262 -0.821510 -0.104183 -0.808493 -0.841830 -0.932288 
-0.993432 -0.992858 -0.959991 -0.818832 -0.480431 -0.848135 -0.928069 -0.986057 
******************

-0.993590 -0.992010 -0.988338 -0.934846 -0.908461 -0.893003 -0.901434 -0.927403 
0.993191 0.989363 0.991399 0.987815 0.986055 0.993638 0.793678 -0.990519 
-0.271150 0.092229 0.892116 0.956367 0.984603 0.986334 0.966613 -0.751100 
-0.944595 -0.934831 -0.939163 -0.957898 -0.991285 -0.990626 -0.962044 -0.958066 
-0.933967 -0.987668 -0.990520 -0.991174 -0.920495 -0.969178 -0.983297 -0.975224 
-0.983609 -0.991319 -0.985562 -0.960446 -0.993945 -0.994162 -0.991491 -0.990332 
-0.991457 -0.992982 -0.987969 -0.949017 -0.994042 -0.974367 -0.977599 -0.993816 
-0.994051 -0.990734 -0.981678 -0.988805 -0.982057 -0.990950 -0.994061 -0.991152 
******************

0.842382 -0.082113 -0.975253 -0.987638 -0.972416 -0.864217 -0.316762 -0.191732 
-0.596673 -0.992675 -0.992045 -0.990330 -0.989559 -0.930400 -0.500653 -0.831448 
-0.991972 -0.994162 -0.985182 -0.993501 -0.994122 -0.763065 -0.783330 -0.980945 
-0.991052 -0.968205 -0.992883 -0.989421 -0.838024 0.966960 -0.603015 -0.908251 
-0.975999 -0.991340 -0.988320 -0.932381 0.992883 0.968166 -0.981765 -0.913028 
-0.994156 -0.983728 -0.994143 -0.135640 0.994134 -0.877508 -0.889433 -0.954708 
-0.987321 -0.985348 -0.957712 0.986241 0.854486 -0.979012 -0.930684 -0.981212 
-0.974351 -0.993666 0.829422 0.993044 -0.972781 -0.865469 -0.954659 -0.994039 
******************

-0.781967 -0.883617 -0.960781 -0.946223 -0.944609 -0.981178 -0.993979 -0.993066 
-0.846579 -0.986816 -0.972509 -0.946776 -0.965782 -0.943049 -0.933950 -0.979343 
0.990321 0.994108 0.982941 0.993508 0.986197 0.333635 -0.990834 -0.990365 
-0.691240 -0.706500 -0.393683 -0.349037 -0.845145 -0.994152 -0.959373 -0.937529 
-0.832282 -0.644656 -0.459617 -0.361207 -0.980721 -0.804443 -0.515846 -0.967032 
-0.894641 -0.841596 -0.725610 -0.793637 -0.848919 -0.707544 -0.857021 -0.988700 
-0.889701 -0.783642 -0.811198 -0.992117 -0.994035 -0.908891 -0.984507 -0.979608 
-0.936663 -0.977631 -0.992291 -0.851510 0.372454 -0.421391 -0.988664 -0.961241 
******************

-0.965976 -0.991964 -0.976712 -0.990802 -0.993637 -0.987007 -0.992330 -0.987763 
-0.872226 -0.957689 -0.976834 -0.957762 -0.613514 0.485326 -0.717344 -0.990426 
-0.965767 -0.987185 -0.987026 -0.974880 0.269345 0.769357 -0.994013 -0.867964 
-0.938491 -0.965979 -0.962557 -0.061165 0.993709 0.743745 -0.964972 -0.919430 
-0.993855 -0.989312 -0.621282 0.992796 0.990819 -0.779322 -0.983385 -0.957876 
-0.992158 -0.991602 0.718223 0.986654 0.016886 -0.970622 -0.949329 -0.988736 
-0.994051 -0.571018 0.993759 0.983675 -0.984213 -0.980497 -0.967471 -0.993505 
-0.902990 0.939587 0.994114 -0.737177 -0.976074 -0.957451 -0.991144 -0.994150 
******************

-0.609160 0.414332 -0.903788 -0.993314 -0.980648 -0.991159 -0.993856 -0.992948 
0.909837 0.951849 0.967750 0.949950 0.945789 0.993663 0.966060 0.711029 
0.653079 0.747724 0.978214 0.975395 0.968308 0.842215 -0.501927 0.452996 
-0.986990 -0.989888 -0.994150 -0.992949 -0.984995 -0.993709 -0.947079 -0.686266 
-0.872019 -0.986549 -0.993857 -0.993050 -0.982422 -0.991354 -0.904714 -0.694884 
-0.838639 -0.963176 -0.979526 -0.993578 -0.974620 -0.924105 -0.547769 -0.844711 
-0.964593 -0.987856 -0.994072 -0.991469 -0.905229 -0.077351 -0.435184 -0.853094 
-0.992006 -0.993903 -0.991200 -0.961532 -0.407570 -0.263200 -0.801045 -0.914883 
******************

-0.964391 -0.989131 -0.993991 -0.985722 -0.976905 -0.887299 -0.594224 -0.710900 
-0.993850 -0.988773 -0.967161 -0.955565 -0.954893 -0.910831 -0.902051 -0.919767 
0.993269 0.991041 0.991980 0.994108 0.985592 -0.850891 -0.992600 -0.948711 
0.985254 0.970996 0.940906 0.933301 0.992997 0.344551 -0.115141 0.933557 
0.863844 0.959292 0.992978 0.992296 0.255666 -0.974067 0.332950 0.989559 
0.745402 0.919179 0.951269 -0.209667 -0.984853 -0.909288 0.692233 0.943210 
0.828399 0.933711 0.747415 -0.990783 -0.991121 -0.350761 0.976054 0.852868 
0.789576 0.804972 -0.925953 -0.994083 -0.731946 0.232448 0.838264 0.905022 
******************

0.978527 0.994000 0.993565 0.975204 0.948360 0.983055 0.971646 0.500563 
0.973642 0.967195 0.986097 0.994162 0.992677 0.991922 0.831232 -0.168607 
-0.984514 -0.974240 -0.983603 -0.991586 -0.990565 -0.985987 -0.975490 -0.992384 
0.047949 -0.574365 -0.889527 -0.830263 -0.907473 -0.946518 -0.993834 -0.993201 
-0.565479 -0.790902 -0.702099 -0.216941 -0.830157 -0.915189 -0.935376 -0.972986 
-0.930314 -0.961054 -0.783496 -0.973639 -0.993511 -0.994065 -0.993707 -0.967560 
-0.966804 -0.933247 -0.954151 -0.974119 -0.688896 -0.693895 -0.925344 -0.952694 
-0.966595 -0.878529 -0.901726 -0.957567 -0.994102 -0.994153 -0.965669 -0.934142 
******************

-0.590881 0.394702 0.640176 0.191853 0.575599 0.941546 0.936259 0.698528 
-0.992372 -0.980969 -0.989655 -0.993348 -0.992717 -0.983073 -0.981646 -0.985988 
0.042439 -0.430339 -0.827223 -0.674419 -0.931355 -0.984348 -0.976643 -0.988281 
0.974077 0.931331 0.893656 0.987711 0.851452 -0.993857 -0.992476 -0.909096 
0.986103 0.987695 0.993572 0.993876 0.161743 -0.762295 -0.971368 -0.469596 
0.599581 0.814592 0.971106 0.591368 -0.986194 -0.992523 -0.778173 0.656988 
0.499238 0.954174 0.733913 -0.937440 -0.930701 -0.983024 -0.464532 0.702517 
0.649603 0.853822 -0.782666 -0.983820 -0.991681 -0.735150 0.743823 0.944223 
******************

-0.247938 -0.748875 -0.923184 -0.894173 -0.871131 -0.873870 -0.495796 0.735484 
-0.560525 -0.913432 -0.916423 -0.829352 -0.959766 -0.989743 -0.988696 -0.987737 
-0.787657 -0.225286 0.047635 -0.693322 -0.950913 -0.992727 -0.966276 -0.965210 
0.843234 0.874556 0.788122 0.535952 -0.852416 -0.367390 0.357436 -0.951529 
-0.666977 -0.700454 -0.753326 -0.954164 -0.767183 0.483436 -0.628464 -0.820356 
-0.896194 -0.958228 -0.989060 -0.989894 -0.299097 -0.069546 -0.970528 -0.873881 
-0.945504 -0.985072 -0.990547 -0.923958 -0.197478 -0.828470 -0.828323 -0.840689 
-0.977845 -0.994146 -0.993027 0.165418 -0.805707 -0.976954 -0.918931 -0.715971 
******************

-0.931678 -0.968709 -0.990859 -0.994054 -0.992901 -0.991395 -0.992065 -0.892655 
0.747982 0.878340 0.022145 -0.719663 -0.987909 -0.991455 -0.957426 -0.760645 
-0.712338 -0.430448 -0.843918 -0.979241 -0.989431 -0.722971 0.928661 0.142280 
-0.962144 -0.968076 -0.993159 -0.933820 -0.981841 0.474995 -0.245399 -0.711406 
-0.977095 -0.992409 -0.972720 -0.935278 -0.200067 0.959146 0.329850 -0.856751 
-0.991355 -0.984637 -0.941763 -0.986871 0.984553 0.154473 -0.192204 -0.974397 
-0.991816 -0.944808 -0.935702 0.740271 0.896872 -0.453930 -0.909431 -0.994144 
-0.963213 -0.927031 -0.803344 0.985333 -0.224276 0.050841 -0.986756 -0.994157 
******************

-0.984363 -0.977551 -0.993850 -0.964001 -0.962377 -0.975833 -0.975645 -0.985405 
-0.448335 -0.894630 -0.984505 -0.985007 -0.985275 -0.980778 -0.993918 -0.981358 
-0.506915 -0.979598 -0.993984 -0.994126 -0.993595 -0.990363 -0.434992 -0.744862 
-0.991144 -0.991855 -0.993794 -0.989708 -0.993690 0.818463 0.993842 -0.950759 
-0.940767 -0.953023 -0.909667 -0.897647 -0.967828 0.989421 0.907152 -0.977427 
-0.950319 -0.901767 -0.863558 -0.983075 0.939204 0.994163 -0.990606 -0.898353 
-0.935097 -0.870171 -0.903653 -0.860629 0.993012 0.486519 -0.964193 -0.879420 
-0.902736 -0.867212 -0.992070 0.988450 0.982024 -0.993316 -0.865746 -0.899159 
******************

-0.024453 -0.296379 -0.580400 -0.747974 -0.955841 -0.883758 -0.756313 -0.960610 
0.939641 0.988705 0.991783 0.978147 0.913257 0.982675 0.992776 0.830971 
-0.956831 -0.690183 -0.478246 -0.763633 0.514691 0.992063 0.993802 0.679531 
-0.993463 -0.994115 -0.987470 -0.993320 0.763972 0.968961 -0.630890 -0.922780 
-0.993721 -0.987813 -0.964171 -0.989063 0.897240 -0.551503 -0.952766 -0.991836 
-0.991749 -0.991996 -0.994057 0.952672 0.908472 -0.990383 -0.992353 -0.994108 
-0.994080 -0.992515 -0.128737 0.970108 -0.812079 -0.932617 -0.992602 -0.993560 
-0.994054 -0.927973 0.974597 0.898600 -0.925265 -0.993870 -0.992810 -0.992781 
******************

-0.994163 -0.904795 -0.946869 -0.993559 -0.994097 -0.989089 -0.968832 -0.988633 
-0.676312 -0.674588 -0.982931 -0.968262 -0.900132 -0.993738 -0.978219 -0.994159 
-0.263767 -0.840762 -0.814846 0.006829 -0.836417 -0.967101 -0.994145 0.087791 
-0.842956 -0.649128 0.304880 0.222484 -0.994140 -0.969212 0.859693 0.821348 
-0.899021 -0.278252 -0.006543 -0.981401 -0.913739 -0.552818 0.989179 0.058587 
-0.881298 -0.582775 -0.941166 -0.955596 -0.982530 0.904476 0.406808 -0.956960 
-0.562892 -0.811375 -0.976600 -0.901368 -0.662608 0.943075 -0.405658 -0.990324 
-0.492124 -0.991748 -0.881048 -0.991592 0.972224 0.380688 -0.988836 -0.959100 
******************

0.944763 0.742155 0.767958 0.982478 0.993684 0.993811 0.989240 0.994155 
-0.993125 -0.994149 -0.900402 -0.813954 -0.684829 0.751001 0.982300 0.723371 
-0.976315 -0.983149 -0.988613 -0.991086 -0.965493 0.836306 0.373907 -0.992463 
-0.993628 -0.993526 -0.985655 -0.993127 0.793366 0.575058 -0.989521 -0.946481 
-0.305490 -0.626536 -0.360786 0.984456 0.986440 -0.249358 -0.965889 -0.989777 
-0.831109 -0.722875 0.827831 0.960099 0.992888 -0.989083 -0.990125 -0.991455 
-0.826884 0.309456 0.989386 0.964146 -0.560320 -0.970762 -0.988482 -0.904853 
-0.336561 0.984016 0.957174 0.968093 -0.993186 -0.994029 -0.972465 -0.531669 
******************

