0.994008 0.985554 0.991275 -0.993187 0.129812 0.135190 -0.993062 -0.988870 
0.966252 0.969919 -0.993450 -0.983047 0.946867 -0.948220 0.612485 0.112361 
0.818756 -0.969283 0.994149 0.823863 0.708769 0.571065 -0.966715 0.422608 
-0.926985 0.617919 0.737566 0.579573 -0.971488 -0.991049 0.976199 0.904199 
0.907591 -0.469356 0.869023 -0.239910 -0.740739 0.958936 -0.549496 -0.966292 
0.993179 -0.992453 -0.981686 0.657478 -0.448725 0.985208 -0.423725 -0.975844 
-0.811306 -0.716319 0.582980 -0.717874 -0.985143 0.530214 -0.970927 -0.070317 
-0.766631 0.815084 0.410304 0.985142 0.819110 0.988462 -0.966467 0.276042 
0.993829 0.956475 0.573041 0.951691 0.736304 0.983421 -0.847081 0.994084 
0.982954 -0.062288 0.886915 -0.958255 -0.991329 -0.411396 -0.895149 -0.990700 
0.960639 0.954452 -0.298984 -0.993800 0.993236 0.989391 -0.966238 0.963984 
-0.977158 -0.790105 -0.876730 0.259604 0.708596 0.949809 0.121294 0.993889 
0.979999 -0.317629 -0.527156 0.598003 0.111259 0.477266 -0.896557 0.986646 
0.992905 -0.817466 -0.974268 0.022411 0.494347 0.954255 -0.978968 -0.985257 
0.310002 0.856166 0.135888 -0.973031 0.980980 -0.327040 0.966394 -0.938509 
0.803375 0.235923 -0.072398 -0.706440 0.992833 0.975085 -0.754261 -0.969308 
******************

