0.987561 0.556736 0.097636 0.519644 
0.942186 0.781948 0.391440 0.848907 
-0.506250 -0.768180 0.991464 0.907252 
-0.938760 0.992581 0.994043 -0.974528 
******************

0.681902 0.913577 0.981190 0.992128 
-0.912165 -0.879545 -0.971020 0.330594 
-0.956322 -0.948031 -0.062085 -0.902848 
-0.981030 -0.818832 -0.104183 -0.841830 
******************

0.993191 0.991399 0.993638 0.793678 
0.092229 0.956367 0.986334 0.966613 
-0.933967 -0.960446 -0.920495 -0.975224 
-0.990734 -0.949017 -0.974367 -0.977599 
******************

0.842382 -0.975253 -0.864217 -0.191732 
-0.968205 -0.985182 0.966960 -0.603015 
-0.975999 -0.135640 0.994134 -0.889433 
-0.974351 0.993044 0.854486 -0.930684 
******************

-0.781967 -0.946223 -0.943049 -0.933950 
0.994108 0.993508 0.986197 -0.937529 
-0.644656 -0.361207 -0.707544 -0.515846 
-0.783642 -0.811198 0.372454 -0.961241 
******************

-0.872226 -0.957762 0.485326 -0.717344 
-0.938491 -0.061165 0.993709 -0.867964 
-0.989312 0.992796 0.990819 -0.949329 
0.939587 0.994114 -0.957451 -0.967471 
******************

0.951849 0.967750 0.993663 0.966060 
0.747724 0.978214 0.968308 0.452996 
-0.838639 -0.979526 -0.924105 -0.547769 
-0.964593 -0.961532 -0.077351 -0.435184 
******************

-0.964391 -0.955565 -0.887299 -0.594224 
0.993269 0.994108 0.992997 0.933557 
0.959292 0.992978 0.255666 0.989559 
0.933711 0.747415 0.232448 0.976054 
******************

0.994000 0.994162 0.992677 0.971646 
0.047949 -0.830263 -0.907473 -0.975490 
-0.565479 -0.216941 -0.830157 -0.935376 
-0.878529 -0.901726 -0.688896 -0.925344 
******************

0.394702 0.640176 0.941546 0.936259 
0.974077 0.987711 0.851452 -0.909096 
0.987695 0.993876 0.161743 0.656988 
0.954174 0.733913 -0.735150 0.944223 
******************

-0.247938 -0.829352 -0.871131 0.735484 
0.874556 0.788122 -0.367390 0.357436 
-0.666977 -0.753326 0.483436 -0.628464 
-0.945504 0.165418 -0.197478 -0.715971 
******************

0.878340 0.022145 -0.987909 -0.760645 
-0.430448 -0.843918 0.474995 0.928661 
-0.977095 -0.935278 0.984553 0.329850 
-0.927031 0.985333 0.896872 -0.909431 
******************

-0.448335 -0.964001 -0.962377 -0.975645 
-0.506915 -0.989708 0.818463 0.993842 
-0.901767 -0.863558 0.994163 0.907152 
-0.867212 0.988450 0.993012 -0.865746 
******************

0.988705 0.991783 0.982675 0.992776 
-0.690183 -0.478246 0.992063 0.993802 
-0.987813 0.952672 0.908472 -0.952766 
-0.927973 0.974597 -0.812079 -0.992602 
******************

-0.674588 -0.946869 -0.900132 -0.968832 
-0.263767 0.304880 -0.836417 0.859693 
-0.278252 -0.006543 0.904476 0.989179 
-0.492124 -0.881048 0.972224 -0.405658 
******************

0.944763 0.982478 0.993811 0.994155 
-0.976315 -0.985655 0.836306 0.373907 
-0.305490 0.984456 0.992888 -0.965889 
0.984016 0.989386 -0.560320 -0.531669 
******************

