-0.540296 -0.540296 -0.540296 -0.540296 -0.540296 -0.540296 -0.540296 -0.540296 -0.540296 -0.540296 -0.540296 -0.540296 
-0.540296 -0.540296 -0.540296 -0.540296 -0.540296 -0.530672 -0.540296 -0.540296 -0.540296 -0.540296 -0.540296 -0.540296 
-0.540296 0.046981 0.417899 0.433279 -0.212448 -0.582693 -0.697607 -0.684069 -0.713466 -0.456495 -0.446189 -0.540296 
-0.540296 0.758441 0.925814 0.940654 0.920228 0.960345 0.961644 0.954333 0.905526 0.342420 0.082233 -0.540296 
-0.540296 -0.063718 -0.068197 0.326868 0.575400 0.726942 0.726722 0.722384 0.814252 0.406631 -0.159234 -0.540296 
-0.540296 -0.540296 -0.540296 -0.531201 -0.508648 -0.496026 -0.388816 0.826304 0.767302 0.430012 -0.517978 -0.540296 
-0.540296 -0.540296 -0.540296 -0.540296 -0.540296 -0.540296 0.532224 0.785707 0.571525 -0.167346 -0.540296 -0.540296 
-0.540296 -0.540296 -0.540296 -0.540296 -0.540296 -0.557617 0.733685 0.646532 0.309731 -0.541933 -0.540296 -0.540296 
-0.540296 -0.540296 -0.540296 -0.540296 -0.531022 0.597978 0.873936 0.474735 -0.193877 -0.540296 -0.540296 -0.540296 
-0.540296 -0.540296 -0.540296 -0.540296 0.143443 0.833147 0.859888 0.148510 -0.540296 -0.540296 -0.540296 -0.540296 
-0.540296 -0.540296 -0.540296 -0.345178 0.815469 0.682940 0.356740 -0.425257 -0.540296 -0.540296 -0.540296 -0.540296 
-0.540296 -0.540296 -0.540296 0.840168 0.958943 0.857078 0.444223 -0.540296 -0.540296 -0.540296 -0.540296 -0.540296 
******************

-0.274611 -0.274611 -0.274611 -0.274611 -0.274611 -0.274611 -0.274611 -0.274611 -0.274611 -0.274611 -0.274611 -0.274611 
-0.274611 -0.274611 -0.274611 -0.274611 -0.274611 -0.274611 -0.274611 -0.274611 -0.274611 -0.274611 -0.274611 -0.274611 
-0.274611 -0.552728 -0.886002 -0.950343 -0.931193 -0.895949 -0.885133 -0.885133 -0.826823 -0.737146 -0.337824 -0.274611 
-0.274611 -0.199733 0.812186 0.937185 0.865009 0.719036 0.460559 0.442406 -0.306725 0.043966 0.184106 -0.274611 
-0.274611 0.226559 0.847004 0.956239 0.967123 0.981824 0.977766 0.963064 0.718553 0.969175 0.835195 -0.274611 
-0.274611 -0.274611 -0.274611 -0.248856 -0.161110 0.027948 0.046396 -0.779718 0.670808 0.965815 0.653539 -0.274611 
-0.274611 -0.274611 -0.274611 -0.274611 -0.274611 -0.274611 -0.624071 -0.459046 0.971230 0.961902 -0.054061 -0.274611 
-0.274611 -0.274611 -0.274611 -0.274611 -0.274611 -0.370088 -0.867644 0.696579 0.961013 0.556768 -0.274611 -0.274611 
-0.274611 -0.274611 -0.274611 -0.274611 -0.278552 -0.767817 -0.390491 0.968288 0.932621 -0.159035 -0.274611 -0.274611 
-0.274611 -0.274611 -0.274611 -0.274611 -0.570258 -0.874572 0.955498 0.976054 0.488970 -0.274611 -0.274611 -0.274611 
-0.274611 -0.274611 -0.274611 -0.352776 -0.893775 0.263299 0.956910 0.825859 -0.205585 -0.274611 -0.274611 -0.274611 
-0.274611 -0.274611 -0.274611 -0.459228 -0.263745 0.986597 0.983007 0.068838 -0.274611 -0.274611 -0.274611 -0.274611 
******************

-0.506422 -0.506422 -0.506422 -0.506422 -0.506422 -0.506422 -0.506422 -0.506422 -0.506422 -0.506422 -0.506422 -0.506422 
-0.506422 -0.217013 0.114587 -0.175121 -0.506422 -0.506422 -0.506422 -0.506422 -0.506422 -0.506422 -0.506422 -0.506422 
-0.506422 0.590116 0.753090 -0.095982 -0.571007 -0.220227 -0.049180 -0.049180 -0.083206 -0.483969 -0.559336 -0.506422 
-0.506422 0.247124 -0.143538 -0.903306 -0.939002 -0.941788 -0.923068 -0.931902 -0.755129 -0.974719 -0.842639 -0.506422 
-0.506422 0.323543 0.170495 -0.097012 0.086942 -0.254402 -0.241444 0.918057 0.814229 -0.994539 -0.667726 -0.506422 
-0.506422 -0.506422 -0.506422 -0.478127 -0.374552 -0.387625 0.500127 0.956961 0.467198 -0.967670 -0.524383 -0.506422 
-0.506422 -0.506422 -0.506422 -0.506422 -0.506422 -0.371809 0.939273 0.951382 -0.993927 -0.732886 -0.506422 -0.506422 
-0.506422 -0.506422 -0.506422 -0.506422 -0.488975 0.613756 0.965267 0.366751 -0.940713 -0.511457 -0.506422 -0.506422 
-0.506422 -0.506422 -0.506422 -0.506422 0.130738 0.941885 0.924277 -0.995996 -0.672740 -0.506422 -0.506422 -0.506422 
-0.506422 -0.506422 -0.506422 -0.335293 0.913341 0.944848 -0.885107 -0.857602 -0.506422 -0.506422 -0.506422 -0.506422 
-0.506422 -0.506422 -0.506422 0.491556 0.976066 0.793463 -0.995904 -0.580174 -0.506422 -0.506422 -0.506422 -0.506422 
-0.506422 -0.506422 -0.506422 0.741244 0.963804 -0.952825 -0.934824 -0.506422 -0.506422 -0.506422 -0.506422 -0.506422 
******************

-0.463952 -0.463952 -0.463952 -0.463952 -0.463952 -0.463952 -0.463952 -0.463952 -0.463952 -0.463952 -0.463952 -0.463952 
-0.463952 -0.463952 -0.463952 -0.463952 -0.360846 -0.402347 -0.463952 -0.463952 -0.463952 -0.463952 -0.463952 -0.463952 
-0.463952 -0.597864 -0.242943 0.242787 -0.550693 -0.621832 -0.737600 -0.737600 -0.664534 0.219140 0.133322 -0.463952 
-0.463952 0.195769 0.704297 0.094971 -0.512242 0.160069 0.274945 0.408559 0.043139 0.594114 0.272455 -0.463952 
-0.463952 -0.258610 -0.661390 -0.733370 -0.818802 -0.930016 -0.953148 -0.985949 -0.173810 -0.317788 -0.737020 -0.463952 
-0.463952 -0.463952 -0.463952 -0.454724 -0.450575 -0.463952 -0.554859 -0.072765 0.836040 -0.871342 -0.462417 -0.463952 
-0.463952 -0.463952 -0.463952 -0.463952 -0.463952 -0.463952 -0.690056 0.713429 0.558315 -0.672467 -0.460196 -0.463952 
-0.463952 -0.463952 -0.463952 -0.463952 -0.463952 -0.485848 0.032633 0.827107 -0.929615 -0.463526 -0.463952 -0.463952 
-0.463952 -0.463952 -0.463952 -0.463952 -0.464839 -0.854491 0.892468 0.591971 -0.616179 -0.458997 -0.463952 -0.463952 
-0.463952 -0.463952 -0.463952 -0.463952 -0.604983 0.834452 0.920709 -0.949169 -0.459083 -0.463952 -0.463952 -0.463952 
-0.463952 -0.463952 -0.463952 -0.481806 -0.453942 0.663974 -0.767240 -0.460639 -0.460965 -0.463952 -0.463952 -0.463952 
-0.463952 -0.463952 -0.463952 -0.509304 0.465259 0.347463 -0.925344 -0.463867 -0.463952 -0.463952 -0.463952 -0.463952 
******************

-0.024395 -0.024395 -0.024395 -0.024395 -0.024395 -0.024395 -0.024395 -0.024395 -0.024395 -0.024395 -0.024395 -0.024395 
-0.024395 0.232720 0.473315 0.698569 0.547274 0.172845 -0.024395 -0.024395 -0.024395 -0.024395 -0.024395 -0.024395 
-0.024395 0.610908 0.901277 0.982919 0.982019 0.991413 0.992288 0.991866 0.991601 0.963281 0.823873 -0.024395 
-0.024395 0.173277 0.370130 0.027465 0.664000 0.913737 0.957159 0.959280 0.980486 0.885399 0.850792 -0.024395 
-0.024395 -0.200779 -0.400942 -0.715012 -0.897338 -0.952505 -0.965323 -0.790427 -0.337472 -0.348432 -0.249289 -0.024395 
-0.024395 -0.024395 -0.024395 -0.024395 -0.024395 -0.024395 0.469064 0.700301 0.198046 -0.438151 -0.034997 -0.024395 
-0.024395 -0.024395 -0.024395 -0.024395 -0.024395 0.075243 0.555937 0.543032 -0.283086 -0.317330 -0.024395 -0.024395 
-0.024395 -0.024395 -0.024395 -0.024395 -0.010053 0.602472 0.698774 0.426163 -0.567213 -0.027340 -0.024395 -0.024395 
-0.024395 -0.024395 -0.024395 -0.024395 0.314067 0.804676 0.670591 0.184148 -0.212382 -0.024395 -0.024395 -0.024395 
-0.024395 -0.024395 -0.024395 0.091764 0.717486 0.787622 0.086932 -0.692686 -0.024395 -0.024395 -0.024395 -0.024395 
-0.024395 -0.024395 -0.024395 0.446329 0.772059 0.640906 -0.169996 -0.071145 -0.024395 -0.024395 -0.024395 -0.024395 
-0.024395 -0.024395 -0.024395 0.429780 0.575188 0.229799 -0.459255 -0.024395 -0.024395 -0.024395 -0.024395 -0.024395 
******************

-0.342970 -0.342970 -0.342970 -0.342970 -0.342970 -0.342970 -0.342970 -0.342970 -0.342970 -0.342970 -0.342970 -0.342970 
-0.342970 -0.322549 -0.021072 -0.005470 -0.164145 -0.317446 -0.342970 -0.342970 -0.342970 -0.342970 -0.342970 -0.342970 
-0.342970 -0.483195 0.135275 0.744835 0.812461 0.728894 0.581680 0.584517 0.748685 0.772710 0.136708 -0.342970 
-0.342970 -0.910585 -0.792796 -0.025014 0.324241 0.273517 0.236956 0.328467 0.844799 0.981508 0.770462 -0.342970 
-0.342970 -0.494554 -0.584092 -0.813359 -0.936476 -0.955351 -0.959835 -0.950296 -0.492345 0.951518 0.517375 -0.342970 
-0.342970 -0.342970 -0.342970 -0.342970 -0.342970 -0.342970 -0.445006 -0.972115 0.961766 0.951838 -0.365049 -0.342970 
-0.342970 -0.342970 -0.342970 -0.342970 -0.342970 -0.342341 -0.678056 -0.025268 0.947599 0.300428 -0.342970 -0.342970 
-0.342970 -0.342970 -0.342970 -0.342970 -0.341642 -0.337722 -0.968468 0.954866 0.929748 -0.349142 -0.342970 -0.342970 
-0.342970 -0.342970 -0.342970 -0.342970 -0.342760 -0.778243 0.612626 0.961668 0.132541 -0.342970 -0.342970 -0.342970 
-0.342970 -0.342970 -0.342970 -0.340803 -0.406124 -0.804834 0.931133 0.876124 -0.342970 -0.342970 -0.342970 -0.342970 
-0.342970 -0.342970 -0.342970 -0.338703 -0.930969 0.976288 0.962931 -0.387714 -0.342970 -0.342970 -0.342970 -0.342970 
-0.342970 -0.342970 -0.342970 -0.671072 -0.975500 0.980608 0.902600 -0.338955 -0.342970 -0.342970 -0.342970 -0.342970 
******************

