-0.540296 -0.540296 -0.540296 -0.540296 -0.540296 -0.540296 -0.540296 -0.540296 -0.540296 -0.540296 -0.540296 -0.540296 -0.540296 -0.540296 -0.540296 -0.540296 -0.540296 -0.540296 -0.540296 -0.540296 -0.540296 -0.540296 -0.540296 -0.540296 
-0.540296 -0.540296 -0.540296 -0.540296 -0.540296 -0.540296 -0.540296 -0.540296 -0.540296 -0.540296 -0.540296 -0.540296 -0.540296 -0.540296 -0.540296 -0.540296 -0.540296 -0.540296 -0.540296 -0.540296 -0.540296 -0.540296 -0.540296 -0.540296 
-0.540296 -0.540296 -0.540296 -0.540296 -0.540296 -0.540296 -0.540296 -0.540296 -0.540296 -0.540296 -0.540296 -0.540296 -0.540296 -0.540296 -0.540296 -0.540296 -0.540296 -0.540296 -0.540296 -0.540296 -0.540296 -0.540296 -0.540296 -0.540296 
-0.540296 -0.540296 -0.570795 -0.701780 -0.805882 -0.834496 -0.828871 -0.726601 -0.662485 -0.556226 -0.548074 -0.530672 -0.540296 -0.540296 -0.540296 -0.540296 -0.540296 -0.540296 -0.540296 -0.540296 -0.540296 -0.540296 -0.540296 -0.540296 
-0.540296 -0.540296 -0.569922 -0.753404 -0.819928 -0.855976 -0.809427 -0.820514 -0.828861 -0.845867 -0.857593 -0.864772 -0.873203 -0.873203 -0.873203 -0.873203 -0.869664 -0.837686 -0.730747 -0.618548 -0.529393 -0.526350 -0.540296 -0.540296 
-0.540296 -0.540296 -0.248841 0.046981 0.051041 0.417899 0.433279 0.225680 -0.212448 -0.484303 -0.582693 -0.684733 -0.697607 -0.715522 -0.700590 -0.684069 -0.713466 -0.739798 -0.655154 -0.456495 -0.446189 -0.482032 -0.540296 -0.540296 
-0.540296 -0.540296 0.165347 0.758441 0.849679 0.925814 0.940654 0.906412 0.860655 0.815851 0.852879 0.821753 0.816459 0.801951 0.819181 0.812505 0.582384 0.169230 -0.117174 0.046651 -0.110231 -0.432733 -0.540296 -0.540296 
-0.540296 -0.540296 0.161187 0.737397 0.699774 0.792039 0.865204 0.892362 0.920228 0.909423 0.945018 0.960345 0.957267 0.961644 0.954333 0.949142 0.905526 0.608869 0.308519 0.342420 0.082233 -0.433899 -0.540296 -0.540296 
-0.540296 -0.540296 -0.264883 -0.063718 -0.242721 -0.068197 0.077269 0.326868 0.575400 0.548439 0.644758 0.726942 0.720983 0.726722 0.612644 0.722384 0.814252 0.545257 0.406631 0.395090 -0.159234 -0.511140 -0.540296 -0.540296 
-0.540296 -0.540296 -0.503734 -0.494583 -0.564547 -0.519718 -0.475217 -0.484690 -0.342340 -0.415390 -0.363451 -0.244208 -0.314282 -0.331111 -0.402572 0.320877 0.665968 0.493596 0.339773 0.158365 -0.372440 -0.580941 -0.540296 -0.540296 
-0.540296 -0.540296 -0.540296 -0.540296 -0.540296 -0.540296 -0.540296 -0.531201 -0.508648 -0.557642 -0.533306 -0.496026 -0.589989 -0.587243 -0.258014 0.652902 0.767302 0.468367 0.430012 -0.081996 -0.517978 -0.574689 -0.540296 -0.540296 
-0.540296 -0.540296 -0.540296 -0.540296 -0.540296 -0.540296 -0.540296 -0.540296 -0.540296 -0.540296 -0.540296 -0.540296 -0.552946 -0.388816 0.429266 0.826304 0.718187 0.391564 0.217191 -0.317533 -0.582021 -0.546170 -0.540296 -0.540296 
-0.540296 -0.540296 -0.540296 -0.540296 -0.540296 -0.540296 -0.540296 -0.540296 -0.540296 -0.540296 -0.540296 -0.543635 -0.445991 0.103353 0.751480 0.785707 0.571525 0.415474 -0.167346 -0.550159 -0.568342 -0.540296 -0.540296 -0.540296 
-0.540296 -0.540296 -0.540296 -0.540296 -0.540296 -0.540296 -0.540296 -0.540296 -0.540296 -0.540296 -0.540296 -0.580263 -0.343939 0.532224 0.768012 0.555588 0.319442 0.077994 -0.395939 -0.591753 -0.554561 -0.540296 -0.540296 -0.540296 
-0.540296 -0.540296 -0.540296 -0.540296 -0.540296 -0.540296 -0.540296 -0.540296 -0.540296 -0.540296 -0.567598 -0.638867 -0.148030 0.675844 0.646532 0.352994 0.309731 -0.189258 -0.569885 -0.560466 -0.540296 -0.540296 -0.540296 -0.540296 
-0.540296 -0.540296 -0.540296 -0.540296 -0.540296 -0.540296 -0.540296 -0.540296 -0.540296 -0.547325 -0.599921 -0.557617 0.310950 0.733685 0.584195 0.309774 0.107477 -0.414369 -0.597962 -0.541933 -0.540296 -0.540296 -0.540296 -0.540296 
-0.540296 -0.540296 -0.540296 -0.540296 -0.540296 -0.540296 -0.540296 -0.540296 -0.541411 -0.604724 -0.649713 -0.058813 0.666368 0.815142 0.474735 0.300657 -0.193877 -0.571247 -0.559033 -0.540296 -0.540296 -0.540296 -0.540296 -0.540296 
-0.540296 -0.540296 -0.540296 -0.540296 -0.540296 -0.540296 -0.540296 -0.540296 -0.552450 -0.531022 -0.236631 0.597978 0.873936 0.724299 0.398879 0.015240 -0.431301 -0.598955 -0.540296 -0.540296 -0.540296 -0.540296 -0.540296 -0.540296 
-0.540296 -0.540296 -0.540296 -0.540296 -0.540296 -0.540296 -0.540296 -0.551725 -0.631822 -0.426766 0.422824 0.833147 0.859888 0.604727 0.148510 -0.316722 -0.577379 -0.558715 -0.540296 -0.540296 -0.540296 -0.540296 -0.540296 -0.540296 
-0.540296 -0.540296 -0.540296 -0.540296 -0.540296 -0.540296 -0.540296 -0.569789 -0.604308 0.143443 0.741722 0.812984 0.630611 0.291159 -0.248704 -0.499039 -0.593514 -0.540296 -0.540296 -0.540296 -0.540296 -0.540296 -0.540296 -0.540296 
-0.540296 -0.540296 -0.540296 -0.540296 -0.540296 -0.540296 -0.562593 -0.583196 -0.324249 0.535634 0.682940 0.582721 0.356740 -0.067640 -0.425257 -0.592583 -0.551669 -0.540296 -0.540296 -0.540296 -0.540296 -0.540296 -0.540296 -0.540296 
-0.540296 -0.540296 -0.540296 -0.540296 -0.540296 -0.540296 -0.547325 -0.345178 0.376404 0.815469 0.619600 0.241557 0.280751 -0.094829 -0.533716 -0.565083 -0.540296 -0.540296 -0.540296 -0.540296 -0.540296 -0.540296 -0.540296 -0.540296 
-0.540296 -0.540296 -0.540296 -0.540296 -0.540296 -0.540296 -0.399832 0.266054 0.761084 0.904547 0.776417 0.501181 0.444223 -0.232524 -0.543282 -0.540624 -0.540296 -0.540296 -0.540296 -0.540296 -0.540296 -0.540296 -0.540296 -0.540296 
-0.540296 -0.540296 -0.540296 -0.540296 -0.540296 -0.540296 -0.071917 0.840168 0.957101 0.958943 0.857078 0.485862 0.086199 -0.452456 -0.542558 -0.540296 -0.540296 -0.540296 -0.540296 -0.540296 -0.540296 -0.540296 -0.540296 -0.540296 
******************

-0.274611 -0.274611 -0.274611 -0.274611 -0.274611 -0.274611 -0.274611 -0.274611 -0.274611 -0.274611 -0.274611 -0.274611 -0.274611 -0.274611 -0.274611 -0.274611 -0.274611 -0.274611 -0.274611 -0.274611 -0.274611 -0.274611 -0.274611 -0.274611 
-0.274611 -0.274611 -0.274611 -0.274611 -0.274611 -0.274611 -0.274611 -0.274611 -0.274611 -0.274611 -0.274611 -0.274611 -0.274611 -0.274611 -0.274611 -0.274611 -0.274611 -0.274611 -0.274611 -0.274611 -0.274611 -0.274611 -0.274611 -0.274611 
-0.274611 -0.274611 -0.274611 -0.274611 -0.274611 -0.274611 -0.274611 -0.274611 -0.274611 -0.274611 -0.274611 -0.274611 -0.274611 -0.274611 -0.274611 -0.274611 -0.274611 -0.274611 -0.274611 -0.274611 -0.274611 -0.274611 -0.274611 -0.274611 
-0.274611 -0.274611 -0.381084 -0.526227 -0.540117 -0.655042 -0.758865 -0.757803 -0.699346 -0.555463 -0.417996 -0.318665 -0.274611 -0.274611 -0.274611 -0.274611 -0.274611 -0.274611 -0.274611 -0.274611 -0.274611 -0.274611 -0.274611 -0.274611 
-0.274611 -0.274611 -0.581368 -0.787245 -0.886002 -0.967179 -0.981298 -0.971337 -0.950926 -0.931193 -0.919042 -0.895949 -0.885133 -0.885133 -0.885133 -0.885133 -0.876198 -0.826823 -0.779920 -0.737146 -0.557868 -0.337824 -0.274611 -0.274611 
-0.274611 -0.274611 -0.552728 -0.867235 -0.939389 -0.959460 -0.953243 -0.950343 -0.952269 -0.967329 -0.981119 -0.987846 -0.987979 -0.988486 -0.988644 -0.989185 -0.988720 -0.976999 -0.933632 -0.875083 -0.738229 -0.431663 -0.274611 -0.274611 
-0.274611 -0.274611 -0.495179 -0.729385 -0.801486 -0.380226 0.136031 0.046184 -0.346115 -0.603742 -0.781527 -0.894915 -0.904410 -0.914280 -0.911649 -0.946420 -0.955980 -0.893843 -0.840646 -0.774712 -0.588923 -0.349031 -0.274611 -0.274611 
-0.274611 -0.274611 -0.264886 -0.199733 0.143509 0.812186 0.937185 0.931019 0.865009 0.812785 0.719036 0.606012 0.454479 0.460559 0.442406 0.102797 -0.306725 -0.336055 -0.251632 0.043966 0.184106 -0.121385 -0.274611 -0.274611 
-0.274611 -0.274611 0.057561 0.226559 0.564807 0.847004 0.956239 0.954428 0.950317 0.967123 0.977252 0.981824 0.973826 0.977766 0.963064 0.884286 0.718553 0.292281 0.700844 0.923092 0.817893 0.080203 -0.274611 -0.274611 
-0.274611 -0.274611 -0.171165 -0.049214 0.012632 0.215329 0.443884 0.608944 0.675375 0.787317 0.889852 0.930609 0.933736 0.913263 0.811537 0.361403 -0.101524 0.107286 0.861811 0.969175 0.835195 0.153436 -0.274611 -0.274611 
-0.274611 -0.274611 -0.274611 -0.274611 -0.274611 -0.274611 -0.274611 -0.248856 -0.161110 -0.185787 -0.042139 0.027948 0.046396 -0.393474 -0.779718 -0.852601 -0.883867 -0.149870 0.915009 0.958302 0.653539 -0.037805 -0.274611 -0.274611 
-0.274611 -0.274611 -0.274611 -0.274611 -0.274611 -0.274611 -0.274611 -0.274611 -0.274611 -0.274611 -0.274611 -0.274611 -0.476170 -0.812660 -0.934813 -0.934296 -0.690437 0.670808 0.965815 0.882960 0.306787 -0.239415 -0.274611 -0.274611 
-0.274611 -0.274611 -0.274611 -0.274611 -0.274611 -0.274611 -0.274611 -0.274611 -0.274611 -0.274611 -0.274611 -0.286405 -0.624071 -0.894527 -0.898553 -0.833367 0.091802 0.939677 0.961902 0.683354 -0.054061 -0.274611 -0.274611 -0.274611 
-0.274611 -0.274611 -0.274611 -0.274611 -0.274611 -0.274611 -0.274611 -0.274611 -0.274611 -0.274611 -0.274611 -0.436773 -0.766402 -0.899002 -0.896759 -0.459046 0.798057 0.971230 0.863426 0.346460 -0.187468 -0.274611 -0.274611 -0.274611 
-0.274611 -0.274611 -0.274611 -0.274611 -0.274611 -0.274611 -0.274611 -0.274611 -0.274611 -0.274611 -0.370088 -0.653966 -0.867644 -0.906415 -0.878022 0.030375 0.943238 0.945166 0.556768 -0.144865 -0.274611 -0.274611 -0.274611 -0.274611 
-0.274611 -0.274611 -0.274611 -0.274611 -0.274611 -0.274611 -0.274611 -0.274611 -0.274611 -0.299409 -0.581659 -0.835330 -0.927137 -0.946822 -0.708515 0.696579 0.961013 0.815358 0.186031 -0.264904 -0.274611 -0.274611 -0.274611 -0.274611 
-0.274611 -0.274611 -0.274611 -0.274611 -0.274611 -0.274611 -0.274611 -0.274611 -0.278552 -0.527845 -0.767817 -0.933743 -0.966771 -0.913459 0.088183 0.932839 0.932621 0.529142 -0.159035 -0.274611 -0.274611 -0.274611 -0.274611 -0.274611 
-0.274611 -0.274611 -0.274611 -0.274611 -0.274611 -0.274611 -0.274611 -0.274611 -0.325946 -0.688107 -0.921003 -0.950631 -0.946649 -0.390491 0.876859 0.968288 0.800627 0.167526 -0.274611 -0.274611 -0.274611 -0.274611 -0.274611 -0.274611 
-0.274611 -0.274611 -0.274611 -0.274611 -0.274611 -0.274611 -0.274611 -0.314867 -0.570258 -0.834893 -0.936074 -0.957705 -0.688874 0.774274 0.976054 0.934383 0.488970 -0.161075 -0.274611 -0.274611 -0.274611 -0.274611 -0.274611 -0.274611 
-0.274611 -0.274611 -0.274611 -0.274611 -0.274611 -0.274611 -0.274611 -0.458742 -0.752502 -0.939796 -0.954161 -0.874572 0.423583 0.955498 0.966142 0.725259 0.108225 -0.274611 -0.274611 -0.274611 -0.274611 -0.274611 -0.274611 -0.274611 
-0.274611 -0.274611 -0.274611 -0.274611 -0.274611 -0.274611 -0.352776 -0.656258 -0.893775 -0.959177 -0.958505 -0.399898 0.799174 0.956910 0.825859 0.312851 -0.205585 -0.274611 -0.274611 -0.274611 -0.274611 -0.274611 -0.274611 -0.274611 
-0.274611 -0.274611 -0.274611 -0.274611 -0.274611 -0.274611 -0.464115 -0.812280 -0.952073 -0.974544 -0.888193 0.263299 0.868011 0.856782 0.462658 -0.118822 -0.274611 -0.274611 -0.274611 -0.274611 -0.274611 -0.274611 -0.274611 -0.274611 
-0.274611 -0.274611 -0.274611 -0.274611 -0.274611 -0.274611 -0.537017 -0.878681 -0.934469 -0.911371 -0.462563 0.726044 0.964016 0.818675 0.068838 -0.272674 -0.274611 -0.274611 -0.274611 -0.274611 -0.274611 -0.274611 -0.274611 -0.274611 
-0.274611 -0.274611 -0.274611 -0.274611 -0.274611 -0.274611 -0.459228 -0.708147 -0.801847 -0.263745 0.872387 0.986597 0.983007 0.771463 -0.079231 -0.274611 -0.274611 -0.274611 -0.274611 -0.274611 -0.274611 -0.274611 -0.274611 -0.274611 
******************

-0.506422 -0.506422 -0.506422 -0.506422 -0.506422 -0.506422 -0.506422 -0.506422 -0.506422 -0.506422 -0.506422 -0.506422 -0.506422 -0.506422 -0.506422 -0.506422 -0.506422 -0.506422 -0.506422 -0.506422 -0.506422 -0.506422 -0.506422 -0.506422 
-0.506422 -0.506422 -0.506422 -0.506422 -0.506422 -0.506422 -0.506422 -0.506422 -0.506422 -0.506422 -0.506422 -0.506422 -0.506422 -0.506422 -0.506422 -0.506422 -0.506422 -0.506422 -0.506422 -0.506422 -0.506422 -0.506422 -0.506422 -0.506422 
-0.506422 -0.506422 -0.506422 -0.506422 -0.506422 -0.506422 -0.506422 -0.506422 -0.506422 -0.506422 -0.506422 -0.506422 -0.506422 -0.506422 -0.506422 -0.506422 -0.506422 -0.506422 -0.506422 -0.506422 -0.506422 -0.506422 -0.506422 -0.506422 
-0.506422 -0.506422 -0.426303 -0.217013 0.011893 0.114587 -0.175121 -0.446567 -0.577862 -0.618927 -0.569666 -0.543500 -0.506422 -0.506422 -0.506422 -0.506422 -0.506422 -0.506422 -0.506422 -0.506422 -0.506422 -0.506422 -0.506422 -0.506422 
-0.506422 -0.506422 -0.158810 0.449576 0.753090 0.649261 -0.095982 -0.566190 -0.587025 -0.571007 -0.358224 -0.220227 -0.049180 -0.049180 -0.049180 -0.049180 -0.083206 -0.258616 -0.483969 -0.650929 -0.666915 -0.559336 -0.506422 -0.506422 
-0.506422 -0.506422 -0.066234 0.590116 0.569102 -0.010775 -0.858117 -0.899488 -0.814931 -0.725771 -0.542134 -0.432090 -0.234989 -0.203275 -0.271368 -0.274667 -0.312248 -0.569195 -0.842052 -0.925446 -0.913027 -0.726369 -0.506422 -0.506422 
-0.506422 -0.506422 -0.184097 0.216674 -0.258602 -0.853822 -0.972917 -0.970065 -0.939002 -0.941584 -0.941788 -0.943780 -0.936806 -0.923068 -0.953808 -0.931902 -0.882061 -0.896437 -0.974719 -0.993952 -0.984606 -0.851784 -0.506422 -0.506422 
-0.506422 -0.506422 -0.120466 0.247124 -0.143538 -0.705489 -0.903306 -0.939277 -0.939318 -0.962502 -0.970990 -0.972221 -0.976158 -0.973066 -0.982589 -0.944332 -0.755129 -0.887598 -0.991017 -0.996916 -0.992696 -0.842639 -0.506422 -0.506422 
-0.506422 -0.506422 -0.011992 0.323543 0.170495 -0.115544 -0.406346 -0.419399 -0.549691 -0.722111 -0.799609 -0.808157 -0.807897 -0.821833 -0.728555 0.044269 0.514989 -0.792814 -0.997126 -0.994539 -0.990859 -0.735427 -0.506422 -0.506422 
-0.506422 -0.506422 -0.389061 -0.227758 -0.281274 -0.295475 -0.256887 -0.097012 0.086942 -0.133594 -0.254402 -0.328484 -0.353764 -0.241444 0.362849 0.918057 0.814229 -0.903742 -0.995158 -0.996234 -0.966111 -0.667726 -0.506422 -0.506422 
-0.506422 -0.506422 -0.506422 -0.506422 -0.506422 -0.506422 -0.506422 -0.478127 -0.374552 -0.427830 -0.400913 -0.387625 -0.363342 0.157774 0.780456 0.956961 0.467198 -0.991913 -0.995603 -0.995731 -0.876985 -0.607700 -0.506422 -0.506422 
-0.506422 -0.506422 -0.506422 -0.506422 -0.506422 -0.506422 -0.506422 -0.506422 -0.506422 -0.506422 -0.506422 -0.506422 -0.297276 0.500127 0.936277 0.880310 -0.831572 -0.996645 -0.996985 -0.967670 -0.746602 -0.524383 -0.506422 -0.506422 
-0.506422 -0.506422 -0.506422 -0.506422 -0.506422 -0.506422 -0.506422 -0.506422 -0.506422 -0.506422 -0.506422 -0.498208 -0.042458 0.791699 0.951382 0.348814 -0.993927 -0.995705 -0.994006 -0.840718 -0.590741 -0.506422 -0.506422 -0.506422 
-0.506422 -0.506422 -0.506422 -0.506422 -0.506422 -0.506422 -0.506422 -0.506422 -0.506422 -0.506422 -0.506422 -0.371809 0.393036 0.939273 0.882872 -0.798495 -0.997084 -0.997125 -0.949291 -0.732886 -0.549523 -0.506422 -0.506422 -0.506422 
-0.506422 -0.506422 -0.506422 -0.506422 -0.506422 -0.506422 -0.506422 -0.506422 -0.506422 -0.506422 -0.435250 0.046199 0.844569 0.965267 0.366751 -0.993154 -0.996293 -0.991919 -0.805729 -0.566993 -0.506422 -0.506422 -0.506422 -0.506422 
-0.506422 -0.506422 -0.506422 -0.506422 -0.506422 -0.506422 -0.506422 -0.506422 -0.506422 -0.488975 -0.148624 0.613756 0.954236 0.856476 -0.904289 -0.996782 -0.997090 -0.940713 -0.678470 -0.511457 -0.506422 -0.506422 -0.506422 -0.506422 
-0.506422 -0.506422 -0.506422 -0.506422 -0.506422 -0.506422 -0.506422 -0.506422 -0.503694 -0.270548 0.432043 0.912200 0.924277 -0.353362 -0.996836 -0.996586 -0.988568 -0.798012 -0.562664 -0.506422 -0.506422 -0.506422 -0.506422 -0.506422 
-0.506422 -0.506422 -0.506422 -0.506422 -0.506422 -0.506422 -0.506422 -0.506422 -0.467599 0.130738 0.828516 0.941885 0.494106 -0.988401 -0.995996 -0.996391 -0.926396 -0.672740 -0.506422 -0.506422 -0.506422 -0.506422 -0.506422 -0.506422 
-0.506422 -0.506422 -0.506422 -0.506422 -0.506422 -0.506422 -0.506422 -0.477750 -0.181267 0.635833 0.944848 0.811366 -0.885107 -0.996557 -0.997085 -0.975102 -0.774304 -0.561734 -0.506422 -0.506422 -0.506422 -0.506422 -0.506422 -0.506422 
-0.506422 -0.506422 -0.506422 -0.506422 -0.506422 -0.506422 -0.506422 -0.335293 0.346578 0.913341 0.934918 -0.262411 -0.995814 -0.996496 -0.990654 -0.857602 -0.658372 -0.506422 -0.506422 -0.506422 -0.506422 -0.506422 -0.506422 -0.506422 
-0.506422 -0.506422 -0.506422 -0.506422 -0.506422 -0.506422 -0.448998 0.046773 0.784116 0.976066 0.793463 -0.957451 -0.996445 -0.997126 -0.937928 -0.714741 -0.540929 -0.506422 -0.506422 -0.506422 -0.506422 -0.506422 -0.506422 -0.506422 
-0.506422 -0.506422 -0.506422 -0.506422 -0.506422 -0.506422 -0.307842 0.491556 0.928789 0.961607 -0.150474 -0.996714 -0.995904 -0.996089 -0.865287 -0.580174 -0.506422 -0.506422 -0.506422 -0.506422 -0.506422 -0.506422 -0.506422 -0.506422 
-0.506422 -0.506422 -0.506422 -0.506422 -0.506422 -0.506422 -0.171585 0.741244 0.963804 0.848634 -0.952825 -0.993276 -0.995182 -0.988104 -0.745656 -0.507432 -0.506422 -0.506422 -0.506422 -0.506422 -0.506422 -0.506422 -0.506422 -0.506422 
-0.506422 -0.506422 -0.506422 -0.506422 -0.506422 -0.506422 -0.211404 0.679977 0.813745 -0.248683 -0.994748 -0.994858 -0.996940 -0.934824 -0.619805 -0.506422 -0.506422 -0.506422 -0.506422 -0.506422 -0.506422 -0.506422 -0.506422 -0.506422 
******************

-0.463952 -0.463952 -0.463952 -0.463952 -0.463952 -0.463952 -0.463952 -0.463952 -0.463952 -0.463952 -0.463952 -0.463952 -0.463952 -0.463952 -0.463952 -0.463952 -0.463952 -0.463952 -0.463952 -0.463952 -0.463952 -0.463952 -0.463952 -0.463952 
-0.463952 -0.463952 -0.463952 -0.463952 -0.463952 -0.463952 -0.463952 -0.463952 -0.463952 -0.463952 -0.463952 -0.463952 -0.463952 -0.463952 -0.463952 -0.463952 -0.463952 -0.463952 -0.463952 -0.463952 -0.463952 -0.463952 -0.463952 -0.463952 
-0.463952 -0.463952 -0.463952 -0.463952 -0.463952 -0.463952 -0.463952 -0.463952 -0.463952 -0.463952 -0.463952 -0.463952 -0.463952 -0.463952 -0.463952 -0.463952 -0.463952 -0.463952 -0.463952 -0.463952 -0.463952 -0.463952 -0.463952 -0.463952 
-0.463952 -0.463952 -0.488436 -0.630614 -0.781711 -0.792663 -0.694512 -0.520200 -0.397804 -0.360846 -0.402347 -0.438022 -0.463952 -0.463952 -0.463952 -0.463952 -0.463952 -0.463952 -0.463952 -0.463952 -0.463952 -0.463952 -0.463952 -0.463952 
-0.463952 -0.463952 -0.597864 -0.883098 -0.954026 -0.926868 -0.766717 -0.616683 -0.556719 -0.550693 -0.621832 -0.693541 -0.737600 -0.737600 -0.737600 -0.737600 -0.732750 -0.682281 -0.490734 -0.282733 -0.307116 -0.426255 -0.463952 -0.463952 
-0.463952 -0.463952 -0.727845 -0.878719 -0.787170 -0.242943 0.242787 -0.188716 -0.575102 -0.740234 -0.736379 -0.762512 -0.785908 -0.788680 -0.772169 -0.756151 -0.752026 -0.664534 -0.283539 0.219140 0.133322 -0.292456 -0.463952 -0.463952 
-0.463952 -0.463952 -0.664957 -0.204192 0.601253 0.704297 0.094971 -0.553325 -0.560102 -0.512242 -0.074569 0.160069 0.274945 0.270665 0.404415 0.408559 0.043139 -0.050126 0.379656 0.594114 0.272455 -0.250910 -0.463952 -0.463952 
-0.463952 -0.463952 -0.254740 0.195769 0.041878 -0.611928 -0.962799 -0.954478 -0.890293 -0.693404 -0.544586 -0.398117 -0.229052 -0.139617 -0.044908 -0.529097 -0.885737 -0.874446 -0.356718 -0.096662 -0.563275 -0.595106 -0.463952 -0.463952 
-0.463952 -0.463952 -0.258610 -0.407811 -0.774132 -0.937255 -0.959769 -0.960420 -0.948262 -0.947357 -0.968718 -0.977892 -0.978661 -0.969431 -0.985949 -0.997103 -0.997034 -0.967125 -0.586267 -0.828777 -0.925521 -0.819063 -0.463952 -0.463952 
-0.463952 -0.463952 -0.427014 -0.490111 -0.661390 -0.725571 -0.733370 -0.748221 -0.818802 -0.893635 -0.930016 -0.936184 -0.953148 -0.957043 -0.993875 -0.996944 -0.965038 -0.173810 -0.317788 -0.966339 -0.965708 -0.737020 -0.463952 -0.463952 
-0.463952 -0.463952 -0.463952 -0.463952 -0.463952 -0.463952 -0.463952 -0.454724 -0.450575 -0.566087 -0.577405 -0.612996 -0.640778 -0.847151 -0.975627 -0.886806 0.537059 0.603226 -0.871342 -0.982036 -0.919165 -0.511997 -0.463952 -0.463952 
-0.463952 -0.463952 -0.463952 -0.463952 -0.463952 -0.463952 -0.463952 -0.463952 -0.463952 -0.463952 -0.463952 -0.463952 -0.554859 -0.888449 -0.923118 -0.072765 0.836040 -0.028082 -0.974176 -0.975447 -0.715221 -0.462417 -0.463952 -0.463952 
-0.463952 -0.463952 -0.463952 -0.463952 -0.463952 -0.463952 -0.463952 -0.463952 -0.463952 -0.463952 -0.463952 -0.466611 -0.690056 -0.916166 -0.667676 0.713429 0.558315 -0.927954 -0.988171 -0.942116 -0.588709 -0.463952 -0.463952 -0.463952 
-0.463952 -0.463952 -0.463952 -0.463952 -0.463952 -0.463952 -0.463952 -0.463952 -0.463952 -0.463952 -0.463952 -0.508688 -0.844803 -0.883509 -0.118277 0.674325 -0.611647 -0.987853 -0.978894 -0.672467 -0.460196 -0.463952 -0.463952 -0.463952 
-0.463952 -0.463952 -0.463952 -0.463952 -0.463952 -0.463952 -0.463952 -0.463952 -0.463952 -0.463952 -0.485848 -0.724875 -0.941777 -0.807387 0.520065 0.340416 -0.929615 -0.982788 -0.890743 -0.474862 -0.463952 -0.463952 -0.463952 -0.463952 
-0.463952 -0.463952 -0.463952 -0.463952 -0.463952 -0.463952 -0.463952 -0.463952 -0.463952 -0.469555 -0.614956 -0.929464 -0.938924 0.032633 0.827107 -0.322218 -0.976859 -0.968274 -0.623777 -0.463526 -0.463952 -0.463952 -0.463952 -0.463952 
-0.463952 -0.463952 -0.463952 -0.463952 -0.463952 -0.463952 -0.463952 -0.463952 -0.464839 -0.543019 -0.889912 -0.964877 -0.516705 0.883108 0.591971 -0.929522 -0.982961 -0.882378 -0.458997 -0.463952 -0.463952 -0.463952 -0.463952 -0.463952 
-0.463952 -0.463952 -0.463952 -0.463952 -0.463952 -0.463952 -0.463952 -0.463952 -0.477984 -0.743229 -0.959057 -0.854491 0.720547 0.892468 -0.721545 -0.987665 -0.965720 -0.616179 -0.463952 -0.463952 -0.463952 -0.463952 -0.463952 -0.463952 
-0.463952 -0.463952 -0.463952 -0.463952 -0.463952 -0.463952 -0.463952 -0.473074 -0.604983 -0.938234 -0.911003 0.376687 0.920709 -0.038347 -0.985065 -0.986362 -0.861175 -0.459083 -0.463952 -0.463952 -0.463952 -0.463952 -0.463952 -0.463952 
-0.463952 -0.463952 -0.463952 -0.463952 -0.463952 -0.463952 -0.463952 -0.530456 -0.844799 -0.957882 -0.557238 0.834452 0.646949 -0.971535 -0.992343 -0.949169 -0.557624 -0.463952 -0.463952 -0.463952 -0.463952 -0.463952 -0.463952 -0.463952 
-0.463952 -0.463952 -0.463952 -0.463952 -0.463952 -0.463952 -0.481806 -0.729062 -0.953371 -0.863308 0.376747 0.663974 -0.767240 -0.987754 -0.973125 -0.696181 -0.460965 -0.463952 -0.463952 -0.463952 -0.463952 -0.463952 -0.463952 -0.463952 
-0.463952 -0.463952 -0.463952 -0.463952 -0.463952 -0.463952 -0.553437 -0.880642 -0.925609 -0.453942 0.477109 -0.312917 -0.956444 -0.956754 -0.773102 -0.460639 -0.463952 -0.463952 -0.463952 -0.463952 -0.463952 -0.463952 -0.463952 -0.463952 
-0.463952 -0.463952 -0.463952 -0.463952 -0.463952 -0.463952 -0.656266 -0.872239 -0.701741 -0.144822 0.347463 -0.671040 -0.929807 -0.925344 -0.604533 -0.463867 -0.463952 -0.463952 -0.463952 -0.463952 -0.463952 -0.463952 -0.463952 -0.463952 
-0.463952 -0.463952 -0.463952 -0.463952 -0.463952 -0.463952 -0.635481 -0.509304 0.164420 0.465259 -0.141616 -0.930987 -0.974035 -0.952799 -0.635749 -0.463952 -0.463952 -0.463952 -0.463952 -0.463952 -0.463952 -0.463952 -0.463952 -0.463952 
******************

-0.024395 -0.024395 -0.024395 -0.024395 -0.024395 -0.024395 -0.024395 -0.024395 -0.024395 -0.024395 -0.024395 -0.024395 -0.024395 -0.024395 -0.024395 -0.024395 -0.024395 -0.024395 -0.024395 -0.024395 -0.024395 -0.024395 -0.024395 -0.024395 
-0.024395 -0.024395 -0.024395 -0.024395 -0.024395 -0.024395 -0.024395 -0.024395 -0.024395 -0.024395 -0.024395 -0.024395 -0.024395 -0.024395 -0.024395 -0.024395 -0.024395 -0.024395 -0.024395 -0.024395 -0.024395 -0.024395 -0.024395 -0.024395 
-0.024395 -0.024395 -0.024395 -0.024395 -0.024395 -0.024395 -0.024395 -0.024395 -0.024395 -0.024395 -0.024395 -0.024395 -0.024395 -0.024395 -0.024395 -0.024395 -0.024395 -0.024395 -0.024395 -0.024395 -0.024395 -0.024395 -0.024395 -0.024395 
-0.024395 -0.024395 0.039008 0.232720 0.427577 0.473315 0.589772 0.698569 0.547274 0.477876 0.172845 0.097460 -0.024395 -0.024395 -0.024395 -0.024395 -0.024395 -0.024395 -0.024395 -0.024395 -0.024395 -0.024395 -0.024395 -0.024395 
-0.024395 -0.024395 0.184438 0.610908 0.846357 0.882584 0.978813 0.982919 0.970909 0.953773 0.921327 0.903415 0.855970 0.855970 0.855970 0.855970 0.850215 0.810072 0.709356 0.593688 0.497397 0.150907 -0.024395 -0.024395 
-0.024395 -0.024395 0.110819 0.610318 0.883044 0.901277 0.963637 0.977266 0.972545 0.982019 0.986452 0.991413 0.992288 0.990590 0.991866 0.991617 0.991601 0.988315 0.963281 0.905916 0.823873 0.498087 -0.024395 -0.024395 
-0.024395 -0.024395 -0.153691 0.173277 0.370130 -0.097768 -0.215511 0.027465 0.361046 0.664000 0.818868 0.913737 0.957159 0.933584 0.952851 0.959280 0.977553 0.980486 0.885399 0.880514 0.850792 0.523305 -0.024395 -0.024395 
-0.024395 -0.024395 -0.464475 -0.770030 -0.832379 -0.964615 -0.983572 -0.970539 -0.931522 -0.866769 -0.856113 -0.781551 -0.654659 -0.709960 -0.644170 -0.479145 0.128294 0.473170 0.243810 0.471081 0.518374 0.120167 -0.024395 -0.024395 
-0.024395 -0.024395 -0.596405 -0.822589 -0.899115 -0.965891 -0.985571 -0.988543 -0.988542 -0.988843 -0.993236 -0.994375 -0.992854 -0.993663 -0.990764 -0.979613 -0.880733 -0.618564 -0.393204 -0.348432 -0.397519 -0.249289 -0.024395 -0.024395 
-0.024395 -0.024395 -0.200779 -0.391202 -0.400942 -0.563975 -0.715012 -0.817039 -0.897338 -0.919502 -0.952505 -0.969597 -0.969724 -0.965323 -0.923400 -0.790427 -0.611202 -0.337472 -0.420253 -0.613714 -0.644436 -0.261400 -0.024395 -0.024395 
-0.024395 -0.024395 -0.024395 -0.024395 -0.024395 -0.024395 -0.024395 -0.069741 -0.218600 -0.159679 -0.302828 -0.395417 -0.353591 -0.115119 0.419067 0.431972 0.198046 0.100176 -0.438151 -0.761736 -0.557586 -0.112922 -0.024395 -0.024395 
-0.024395 -0.024395 -0.024395 -0.024395 -0.024395 -0.024395 -0.024395 -0.024395 -0.024395 -0.024395 -0.024395 -0.024395 0.106070 0.469064 0.700301 0.423702 0.173277 -0.122282 -0.715380 -0.790107 -0.300551 -0.034997 -0.024395 -0.024395 
-0.024395 -0.024395 -0.024395 -0.024395 -0.024395 -0.024395 -0.024395 -0.024395 -0.024395 -0.024395 -0.024395 -0.017602 0.189069 0.555937 0.543032 -0.041434 -0.283086 -0.585805 -0.819060 -0.637394 -0.137279 -0.024395 -0.024395 -0.024395 
-0.024395 -0.024395 -0.024395 -0.024395 -0.024395 -0.024395 -0.024395 -0.024395 -0.024395 -0.024395 -0.024395 0.075243 0.346432 0.506720 0.258055 -0.261203 -0.516599 -0.747515 -0.781164 -0.317330 -0.050296 -0.024395 -0.024395 -0.024395 
-0.024395 -0.024395 -0.024395 -0.024395 -0.024395 -0.024395 -0.024395 -0.024395 -0.024395 -0.024395 0.032221 0.323643 0.516790 0.398923 0.189171 -0.024018 -0.567213 -0.770356 -0.518802 -0.068209 -0.024395 -0.024395 -0.024395 -0.024395 
-0.024395 -0.024395 -0.024395 -0.024395 -0.024395 -0.024395 -0.024395 -0.024395 -0.024395 -0.010053 0.205739 0.602472 0.698774 0.427017 0.426163 -0.169576 -0.694588 -0.717927 -0.224316 -0.027340 -0.024395 -0.024395 -0.024395 -0.024395 
-0.024395 -0.024395 -0.024395 -0.024395 -0.024395 -0.024395 -0.024395 -0.024395 -0.022131 0.142068 0.523505 0.804676 0.670591 0.593835 0.184148 -0.530908 -0.789025 -0.498357 -0.058524 -0.024395 -0.024395 -0.024395 -0.024395 -0.024395 
-0.024395 -0.024395 -0.024395 -0.024395 -0.024395 -0.024395 -0.024395 -0.024395 0.005842 0.314067 0.713975 0.791972 0.386319 0.312792 -0.363941 -0.840217 -0.722687 -0.212382 -0.024395 -0.024395 -0.024395 -0.024395 -0.024395 -0.024395 
-0.024395 -0.024395 -0.024395 -0.024395 -0.024395 -0.024395 -0.024395 -0.000992 0.205277 0.557290 0.787622 0.478198 0.086932 -0.307399 -0.838100 -0.858685 -0.471259 -0.057937 -0.024395 -0.024395 -0.024395 -0.024395 -0.024395 -0.024395 
-0.024395 -0.024395 -0.024395 -0.024395 -0.024395 -0.024395 -0.024395 0.091764 0.466606 0.717486 0.606392 0.376999 -0.346921 -0.698198 -0.877003 -0.692686 -0.172092 -0.024395 -0.024395 -0.024395 -0.024395 -0.024395 -0.024395 -0.024395 
-0.024395 -0.024395 -0.024395 -0.024395 -0.024395 -0.024395 0.021657 0.295438 0.688985 0.744773 0.604247 0.246239 -0.524903 -0.563381 -0.690311 -0.313092 -0.045002 -0.024395 -0.024395 -0.024395 -0.024395 -0.024395 -0.024395 -0.024395 
-0.024395 -0.024395 -0.024395 -0.024395 -0.024395 -0.024395 0.098125 0.446329 0.772059 0.695608 0.640906 0.308675 -0.524049 -0.169996 -0.246521 -0.071145 -0.024395 -0.024395 -0.024395 -0.024395 -0.024395 -0.024395 -0.024395 -0.024395 
-0.024395 -0.024395 -0.024395 -0.024395 -0.024395 -0.024395 0.107586 0.429780 0.575188 0.280289 0.229799 -0.111779 -0.590200 -0.459255 -0.109147 -0.024984 -0.024395 -0.024395 -0.024395 -0.024395 -0.024395 -0.024395 -0.024395 -0.024395 
-0.024395 -0.024395 -0.024395 -0.024395 -0.024395 -0.024395 -0.067641 -0.242716 -0.308993 -0.704815 -0.835215 -0.912376 -0.914664 -0.677210 -0.140758 -0.024395 -0.024395 -0.024395 -0.024395 -0.024395 -0.024395 -0.024395 -0.024395 -0.024395 
******************

-0.342970 -0.342970 -0.342970 -0.342970 -0.342970 -0.342970 -0.342970 -0.342970 -0.342970 -0.342970 -0.342970 -0.342970 -0.342970 -0.342970 -0.342970 -0.342970 -0.342970 -0.342970 -0.342970 -0.342970 -0.342970 -0.342970 -0.342970 -0.342970 
-0.342970 -0.342970 -0.342970 -0.342970 -0.342970 -0.342970 -0.342970 -0.342970 -0.342970 -0.342970 -0.342970 -0.342970 -0.342970 -0.342970 -0.342970 -0.342970 -0.342970 -0.342970 -0.342970 -0.342970 -0.342970 -0.342970 -0.342970 -0.342970 
-0.342970 -0.342970 -0.342970 -0.342970 -0.342970 -0.342970 -0.342970 -0.342970 -0.342970 -0.342970 -0.342970 -0.342970 -0.342970 -0.342970 -0.342970 -0.342970 -0.342970 -0.342970 -0.342970 -0.342970 -0.342970 -0.342970 -0.342970 -0.342970 
-0.342970 -0.342970 -0.337091 -0.322549 -0.200071 -0.021072 -0.005470 -0.017229 -0.164145 -0.240682 -0.317446 -0.335989 -0.342970 -0.342970 -0.342970 -0.342970 -0.342970 -0.342970 -0.342970 -0.342970 -0.342970 -0.342970 -0.342970 -0.342970 
-0.342970 -0.342970 -0.483195 -0.609543 -0.245931 0.135275 0.624529 0.701870 0.682424 0.525075 0.291423 0.163029 0.097824 0.097824 0.097824 0.097824 0.095629 0.083613 0.026750 -0.162805 -0.289304 -0.332875 -0.342970 -0.342970 
-0.342970 -0.342970 -0.806058 -0.914878 -0.851334 -0.279738 0.568891 0.744835 0.812461 0.780250 0.728894 0.609307 0.577820 0.581680 0.584517 0.580556 0.601531 0.748685 0.772710 0.614050 0.136708 -0.239772 -0.342970 -0.342970 
-0.342970 -0.342970 -0.910585 -0.987551 -0.968464 -0.792796 -0.271577 -0.025014 0.109263 0.324241 0.273517 0.200891 0.203361 0.236956 0.328467 0.272706 0.308261 0.844799 0.957180 0.909429 0.564353 -0.088347 -0.342970 -0.342970 
-0.342970 -0.342970 -0.926564 -0.991736 -0.978750 -0.948281 -0.924394 -0.948203 -0.920177 -0.752014 -0.684518 -0.610908 -0.620410 -0.546118 -0.339694 -0.707824 -0.629358 0.620252 0.981508 0.976768 0.770462 -0.061719 -0.342970 -0.342970 
-0.342970 -0.342970 -0.839589 -0.948920 -0.930830 -0.947663 -0.981945 -0.990313 -0.992899 -0.982781 -0.976575 -0.974305 -0.969785 -0.959835 -0.950296 -0.993115 -0.992121 -0.495400 0.940065 0.951518 0.517375 -0.191725 -0.342970 -0.342970 
-0.342970 -0.342970 -0.494554 -0.627081 -0.584092 -0.673790 -0.813359 -0.894938 -0.945226 -0.936476 -0.955351 -0.972727 -0.968472 -0.966858 -0.986851 -0.997052 -0.997050 -0.492345 0.918034 0.794432 -0.151902 -0.401542 -0.342970 -0.342970 
-0.342970 -0.342970 -0.342970 -0.342970 -0.342970 -0.342970 -0.342970 -0.383620 -0.504863 -0.430595 -0.519899 -0.606138 -0.612122 -0.766476 -0.972115 -0.996755 -0.955377 0.777839 0.951838 0.405026 -0.429198 -0.450837 -0.342970 -0.342970 
-0.342970 -0.342970 -0.342970 -0.342970 -0.342970 -0.342970 -0.342970 -0.342970 -0.342970 -0.342970 -0.342970 -0.342970 -0.445006 -0.876469 -0.991153 -0.991730 -0.116802 0.961766 0.858649 -0.222999 -0.504733 -0.365049 -0.342970 -0.342970 
-0.342970 -0.342970 -0.342970 -0.342970 -0.342970 -0.342970 -0.342970 -0.342970 -0.342970 -0.342970 -0.342970 -0.342341 -0.678056 -0.978222 -0.996152 -0.912039 0.811003 0.944536 0.300428 -0.412281 -0.400360 -0.342970 -0.342970 -0.342970 
-0.342970 -0.342970 -0.342970 -0.342970 -0.342970 -0.342970 -0.342970 -0.342970 -0.342970 -0.342970 -0.342970 -0.351844 -0.890797 -0.994799 -0.991121 -0.025268 0.947599 0.754910 -0.388366 -0.582588 -0.396225 -0.342970 -0.342970 -0.342970 
-0.342970 -0.342970 -0.342970 -0.342970 -0.342970 -0.342970 -0.342970 -0.342970 -0.342970 -0.342970 -0.337722 -0.564781 -0.968468 -0.996032 -0.903522 0.850098 0.929748 0.116618 -0.489420 -0.412608 -0.342970 -0.342970 -0.342970 -0.342970 
-0.342970 -0.342970 -0.342970 -0.342970 -0.342970 -0.342970 -0.342970 -0.342970 -0.342970 -0.341642 -0.466257 -0.852746 -0.987700 -0.986366 0.190438 0.954866 0.724155 -0.363518 -0.507610 -0.349142 -0.342970 -0.342970 -0.342970 -0.342970 
-0.342970 -0.342970 -0.342970 -0.342970 -0.342970 -0.342970 -0.342970 -0.342970 -0.342760 -0.365698 -0.778243 -0.957493 -0.991892 -0.750522 0.917497 0.938377 0.132541 -0.489611 -0.412647 -0.342970 -0.342970 -0.342970 -0.342970 -0.342970 
-0.342970 -0.342970 -0.342970 -0.342970 -0.342970 -0.342970 -0.342970 -0.342970 -0.346213 -0.689073 -0.945267 -0.991573 -0.952956 0.612626 0.961668 0.683055 -0.403678 -0.499180 -0.342970 -0.342970 -0.342970 -0.342970 -0.342970 -0.342970 
-0.342970 -0.342970 -0.342970 -0.342970 -0.342970 -0.342970 -0.342970 -0.340803 -0.406124 -0.913949 -0.989026 -0.988631 -0.395836 0.931133 0.876124 -0.151100 -0.501719 -0.411482 -0.342970 -0.342970 -0.342970 -0.342970 -0.342970 -0.342970 
-0.342970 -0.342970 -0.342970 -0.342970 -0.342970 -0.342970 -0.342970 -0.393586 -0.739351 -0.979745 -0.994090 -0.804834 0.824189 0.928502 0.190512 -0.507948 -0.501018 -0.342970 -0.342970 -0.342970 -0.342970 -0.342970 -0.342970 -0.342970 
-0.342970 -0.342970 -0.342970 -0.342970 -0.342970 -0.342970 -0.338703 -0.621769 -0.930969 -0.994752 -0.966106 0.610973 0.953182 0.658122 -0.387714 -0.547554 -0.385531 -0.342970 -0.342970 -0.342970 -0.342970 -0.342970 -0.342970 -0.342970 
-0.342970 -0.342970 -0.342970 -0.342970 -0.342970 -0.342970 -0.449332 -0.883589 -0.988789 -0.995698 -0.347433 0.976288 0.962931 0.263071 -0.500725 -0.433592 -0.342970 -0.342970 -0.342970 -0.342970 -0.342970 -0.342970 -0.342970 -0.342970 
-0.342970 -0.342970 -0.342970 -0.342970 -0.342970 -0.342970 -0.671072 -0.980024 -0.996990 -0.990854 0.625150 0.980608 0.902600 0.189490 -0.357045 -0.344207 -0.342970 -0.342970 -0.342970 -0.342970 -0.342970 -0.342970 -0.342970 -0.342970 
-0.342970 -0.342970 -0.342970 -0.342970 -0.342970 -0.342970 -0.846112 -0.996333 -0.997016 -0.975500 0.621599 0.957066 0.650502 -0.187817 -0.338955 -0.342970 -0.342970 -0.342970 -0.342970 -0.342970 -0.342970 -0.342970 -0.342970 -0.342970 
******************

