-0.989994 -0.996500 -0.995129 -0.995946 -0.996377 -0.995390 -0.994733 -0.995913 -0.996312 -0.975428 
0.682673 0.912140 0.516243 -0.588562 -0.786269 -0.867730 -0.963569 -0.973651 -0.930852 -0.856958 
0.988622 0.952500 0.662278 0.800190 0.979494 0.987779 0.933600 0.111206 -0.446098 -0.579663 
-0.206731 -0.824019 -0.780592 -0.860689 -0.931107 -0.988050 -0.994142 -0.990654 -0.992293 -0.929463 
-0.156789 -0.446249 -0.200233 -0.221414 -0.816151 -0.725340 0.561557 0.120077 -0.939417 -0.904745 
-0.662782 -0.659449 -0.635610 -0.811731 -0.837215 -0.392003 0.235633 -0.795510 -0.960500 -0.855627 
-0.662782 -0.662782 -0.761549 -0.950816 -0.940534 -0.027856 -0.836403 -0.980061 -0.917063 -0.740975 
-0.662782 -0.692641 -0.912505 -0.923033 -0.094308 0.733351 -0.446317 -0.926181 -0.848016 -0.555134 
-0.662782 -0.821639 -0.912633 -0.726719 0.405891 -0.850486 -0.981063 -0.877285 -0.720876 -0.647032 
-0.662782 -0.786332 -0.246798 0.463942 -0.735592 -0.972794 -0.925801 -0.834567 -0.560391 -0.662782 
******************

0.609999 0.905679 0.990238 0.995588 0.995183 0.991118 0.991440 0.993812 0.989560 0.884144 
-0.154296 0.002094 0.958952 0.996151 0.993952 0.996677 0.996809 0.994216 0.993236 0.993998 
-0.962770 -0.996565 -0.995063 -0.971479 -0.890930 -0.761711 -0.384812 0.685699 0.982195 0.996762 
-0.666542 -0.953829 -0.997027 -0.996941 -0.996958 -0.996357 -0.996375 -0.994977 -0.653951 0.956334 
0.761376 0.429546 0.068917 -0.344892 -0.822379 -0.829872 -0.924917 -0.953473 -0.098644 0.638051 
0.581153 0.583225 0.595641 0.724524 -0.216325 -0.713797 -0.536257 -0.324567 0.839103 0.529581 
0.581153 0.581153 0.642876 0.192113 -0.361612 -0.102745 -0.530871 0.617443 0.689933 0.313340 
0.581153 0.608616 0.517977 -0.142845 -0.517930 -0.389766 0.428584 0.820017 0.497869 0.449715 
0.581153 0.622521 -0.096068 -0.364095 -0.352235 -0.307806 0.875850 0.552565 0.305002 0.566414 
0.581153 0.121277 -0.763047 -0.728756 -0.396519 0.811049 0.787182 0.246982 0.467104 0.581153 
******************

0.941051 0.563225 0.382530 0.809148 0.931858 0.909087 0.867077 0.826059 0.828592 0.796958 
0.910735 -0.285835 0.694847 0.987700 0.987238 0.977765 0.937103 0.843369 0.807771 0.949274 
0.064496 -0.646132 0.563473 0.561545 0.712986 0.909806 0.944339 -0.075176 -0.002570 0.986231 
-0.073203 -0.195348 -0.140951 -0.657851 -0.465465 0.021702 -0.910319 -0.993343 -0.795147 0.980100 
0.858540 0.918757 0.914994 0.884326 0.979987 0.975500 -0.959189 -0.993781 0.956878 0.983107 
0.867931 0.865666 0.862732 0.928439 0.993642 0.616486 -0.995270 -0.000637 0.993836 0.946394 
0.867931 0.867931 0.909859 0.985710 0.975716 -0.976509 -0.994945 0.970619 0.969920 0.878857 
0.867931 0.881786 0.967911 0.990657 -0.182175 -0.992848 0.682275 0.995955 0.941441 0.860929 
0.867931 0.934127 0.991240 0.907151 -0.996663 -0.894774 0.986229 0.953198 0.874526 0.866435 
0.867931 0.980815 0.991763 -0.765436 -0.996578 0.899494 0.984541 0.898578 0.860679 0.867931 
******************

-0.823932 -0.261118 -0.111594 -0.695175 -0.785309 -0.742369 -0.673021 -0.631848 -0.551282 -0.644262 
-0.316509 -0.029487 -0.801337 -0.931334 -0.904051 -0.760432 -0.687854 -0.763575 -0.846487 -0.874200 
-0.934701 -0.842502 -0.817453 -0.983316 -0.995947 -0.995599 -0.992886 -0.841979 -0.886226 -0.996614 
-0.636112 0.068041 -0.451196 -0.935501 -0.986611 -0.987087 -0.733524 0.218426 -0.978902 -0.996192 
-0.595264 -0.435382 -0.621633 -0.648009 -0.689944 -0.862322 0.910961 0.880113 -0.949825 -0.997110 
-0.715836 -0.716359 -0.719021 -0.829525 -0.803729 -0.638151 0.908510 0.052843 -0.990963 -0.990479 
-0.715836 -0.715836 -0.807833 -0.827493 -0.908512 0.873051 0.895143 -0.861287 -0.996129 -0.942490 
-0.715836 -0.750061 -0.829875 -0.831070 0.319611 0.881977 -0.532287 -0.989041 -0.987871 -0.823935 
-0.715836 -0.821994 -0.812625 -0.876273 0.730368 0.403636 -0.955810 -0.994043 -0.928875 -0.731519 
-0.715836 -0.728168 -0.937196 0.212341 0.949924 -0.557618 -0.996762 -0.975011 -0.813251 -0.715836 
******************

0.663656 0.854965 0.874908 0.816839 0.802224 0.725245 0.684955 0.710302 0.618797 0.082411 
0.750649 -0.480001 -0.774965 -0.241997 0.750274 0.874367 0.917738 0.930367 0.904097 0.718042 
-0.376229 -0.996101 -0.982597 -0.995701 -0.996834 -0.994756 -0.978030 -0.952248 -0.992397 -0.726557 
-0.490323 -0.985976 -0.981341 -0.992869 -0.996935 -0.995824 -0.995918 -0.990126 -0.983666 -0.910421 
0.507975 0.823873 0.947239 0.926961 0.974873 0.994396 0.996852 -0.992247 -0.915902 0.715613 
-0.327024 -0.304799 -0.219578 -0.024824 0.963008 0.986128 -0.938783 -0.989535 0.461580 0.802532 
-0.327024 -0.327024 -0.290325 0.600042 0.987664 0.875198 -0.990697 -0.982509 0.808407 0.559327 
-0.327024 -0.313972 0.188673 0.974445 0.973480 -0.989669 -0.992765 0.713474 0.798467 0.066741 
-0.327024 -0.184126 0.898540 0.986166 -0.121605 -0.978971 -0.972359 0.671092 0.471592 -0.279792 
-0.327024 0.385909 0.965886 0.848289 -0.991591 -0.996961 0.867288 0.748565 0.022946 -0.327024 
******************

-0.842736 -0.916557 -0.815595 -0.689928 -0.618854 -0.650635 -0.694802 -0.529672 -0.017134 0.091594 
-0.978888 -0.989512 -0.852042 0.102112 -0.075386 -0.460466 -0.738828 -0.691444 -0.226187 0.503571 
-0.995638 -0.721971 0.672971 0.271858 -0.247002 -0.565786 -0.851582 -0.704167 0.596722 0.964324 
-0.219793 0.844257 0.678719 0.749486 0.827170 0.479384 -0.876235 -0.545445 0.997073 0.996621 
0.054416 0.000025 0.110523 0.398275 0.029517 -0.989555 -0.996320 0.897645 0.994352 0.985556 
0.184516 0.174516 0.137537 -0.078094 -0.960478 -0.980318 -0.995130 0.996964 0.997126 0.899989 
0.184516 0.184516 0.051623 -0.630975 -0.993561 -0.986805 0.918752 0.996325 0.975379 0.627527 
0.184516 0.146916 -0.391639 -0.985732 -0.976749 -0.983608 0.997067 0.996494 0.875917 0.361157 
0.184516 -0.074282 -0.932770 -0.979070 -0.986544 0.994731 0.994528 0.944706 0.581666 0.207467 
0.184516 -0.492613 -0.996945 -0.978690 -0.261711 0.996032 0.992658 0.820320 0.342325 0.184516 
******************

-0.932811 -0.517495 0.231860 -0.335123 -0.916965 -0.979499 -0.981978 -0.950535 -0.758400 -0.580378 
0.970645 0.996829 0.996925 0.996749 0.996971 0.995177 0.997051 0.993544 0.996768 0.783597 
-0.214124 -0.994697 -0.989016 -0.291519 0.477148 -0.151543 -0.183147 0.965644 0.951576 -0.397947 
-0.976415 -0.996042 -0.995897 -0.997087 -0.989641 -0.980199 -0.986534 -0.626689 -0.935601 -0.930063 
-0.773534 -0.696082 -0.777976 -0.867400 -0.977213 -0.521890 0.993731 -0.645823 -0.903408 -0.936343 
-0.785745 -0.784468 -0.783439 -0.937471 -0.943711 0.908573 0.571584 -0.962264 -0.965728 -0.886669 
-0.785745 -0.785745 -0.894231 -0.961178 -0.398867 0.992962 -0.857626 -0.798974 -0.849739 -0.864104 
-0.785745 -0.822648 -0.958568 -0.861575 0.996871 0.952946 -0.848469 -0.952540 -0.878176 -0.851316 
-0.785745 -0.928541 -0.938941 0.781467 0.920917 -0.991803 -0.956010 -0.855984 -0.869894 -0.795853 
-0.785745 -0.917507 -0.186550 0.995500 -0.125728 -0.453204 -0.827807 -0.860770 -0.847138 -0.785745 
******************

-0.313509 -0.717491 -0.733877 -0.647221 -0.566008 -0.788938 -0.837651 -0.911060 -0.927527 -0.909080 
0.780646 0.981446 0.995717 0.992465 0.996780 0.976312 0.941292 0.931866 0.892961 0.540624 
0.960887 0.997121 0.973109 0.938613 0.923571 0.891815 0.896999 0.940179 0.965483 0.993855 
-0.918113 -0.961480 -0.971323 -0.982257 -0.982701 -0.982577 -0.937226 0.503340 0.985834 0.990861 
-0.776389 -0.887951 -0.968813 -0.981283 -0.974865 -0.992495 -0.777525 0.817021 0.980838 0.342843 
-0.362588 -0.370514 -0.397662 -0.431227 -0.579767 0.146715 0.919600 0.996013 0.943946 -0.824498 
-0.362588 -0.362588 -0.321270 -0.072781 -0.464820 0.773335 0.935407 0.975048 0.231756 -0.793625 
-0.362588 -0.356787 -0.162657 -0.565395 0.688719 0.972850 0.994812 0.947734 -0.824039 -0.498669 
-0.362588 -0.245517 -0.009357 0.256433 0.980165 0.993842 0.991651 -0.317898 -0.746199 -0.380635 
-0.362588 0.172020 0.331079 0.954087 0.986386 0.997100 0.772340 -0.913147 -0.487566 -0.362588 
******************

