0.997824 0.999622 0.999082 -0.995800 0.221389 0.126287 -0.994812 -0.989832 
0.962861 0.969829 -0.995803 -0.984854 0.947922 -0.955416 0.542761 0.121628 
0.833430 -0.974540 0.997011 0.827918 0.709092 0.567976 -0.969133 0.451612 
-0.930602 0.666245 0.671852 0.520535 -0.971681 -0.993242 0.975708 0.899465 
0.917159 -0.499521 0.887612 -0.270693 -0.756639 0.963975 -0.536804 -0.967634 
0.998631 -0.998748 -0.984594 0.626145 -0.533264 0.987739 -0.519204 -0.972617 
-0.822565 -0.743166 0.604715 -0.715773 -0.986374 0.577281 -0.972519 -0.037808 
-0.772855 0.836945 0.391328 0.999590 0.824256 0.991570 -0.967882 0.332255 
0.997882 0.955750 0.586022 0.954507 0.724593 0.999695 -0.838870 0.997106 
0.983487 -0.029577 0.999996 -0.960437 -0.992555 -0.499622 -0.999994 -0.992096 
0.959340 0.957914 -0.326561 -0.995705 0.994923 0.989708 -0.965719 0.965150 
-0.975488 -0.813917 -0.849132 0.312887 0.714651 0.954665 0.138042 0.996059 
0.981668 -0.342165 -0.491824 0.633154 0.149219 0.416257 -0.909475 0.987726 
0.994525 -0.815488 -0.973328 0.124116 0.577437 0.949732 -0.982465 -0.999626 
0.288177 0.852900 0.140386 -0.970000 0.982363 -0.332486 0.966182 -0.941990 
0.807700 0.244317 -0.048318 -0.760205 0.998690 0.979387 -0.763617 -0.959693 
******************

