0.999450 0.719452 0.999318 0.841421 -0.845163 -0.873757 0.999991 -0.998047 0.995866 0.320864 -0.270521 0.878231 -0.440045 0.990515 -0.672369 0.947721 
0.571336 0.926582 0.998971 -0.977040 -0.999867 -0.960171 0.999948 -0.989725 0.997184 0.579287 -0.862959 0.059148 -0.997620 0.994147 -0.951233 0.984520 
0.144561 0.984015 0.995053 -0.869456 -0.999792 0.467599 0.999957 -0.911243 0.998817 0.930703 -0.886840 -0.987386 -0.999538 0.987167 -0.900497 0.998061 
0.534861 0.994081 0.790457 -0.191123 -0.995155 -0.738687 0.964471 -0.655080 0.962159 0.927845 0.732149 -0.737239 -0.981296 0.998833 -0.996966 0.999292 
0.945587 -0.999425 0.073567 -0.968392 0.999195 -0.938263 0.770310 0.999856 0.048240 0.974203 0.874566 -0.428545 -0.474120 -0.674523 -0.258614 -0.995407 
0.805332 -0.999977 0.953549 -0.988038 0.995681 -0.051240 0.981588 0.999978 -0.832673 0.988426 0.786728 -0.846513 -0.995604 -0.429191 0.318589 -0.994837 
0.409647 -0.996264 0.987479 0.969829 0.999526 0.998115 0.972944 0.998560 -0.905420 0.851466 -0.359015 0.466082 0.820970 0.998996 -0.846141 0.829703 
0.851920 0.425994 0.969055 -0.604258 -0.938213 -0.996360 0.499794 0.935970 -0.995752 -0.915596 0.377058 0.923540 0.998061 0.996331 0.860738 0.350790 
-0.506237 -0.956376 -0.933982 -0.976162 -0.644730 -0.989967 -0.838651 0.959354 -0.565451 0.988214 -0.666958 -0.977273 -0.999945 -0.992764 -0.278210 -0.305479 
-0.772758 -0.965354 -0.960042 -0.115097 -0.369634 0.999522 -0.980857 0.994361 -0.221031 0.998138 -0.757454 -0.999491 -0.999671 0.953774 0.003910 0.999929 
0.999709 -0.046653 -0.920110 0.997220 -0.697047 0.999118 -0.922377 0.234757 -0.829757 0.179585 0.484044 0.985009 0.999291 0.911843 0.902288 0.999527 
0.908940 -0.898739 -0.998960 -0.999692 -0.510166 -0.999325 -0.537481 0.990303 -0.934393 0.650324 -0.627566 0.335101 0.910885 -0.952658 0.990235 -0.992575 
-0.938757 -0.981294 -0.991904 -0.995752 -0.776461 0.942516 -0.964688 0.933271 -0.880511 0.953554 -0.945537 -0.998858 -0.999975 -0.930581 -0.490314 0.984627 
0.998821 -0.815484 -0.947809 0.998741 -0.813716 0.997704 -0.958798 0.738568 -0.900790 0.734185 0.136588 0.986126 0.989515 0.975426 -0.999025 0.999941 
0.997800 -0.071462 -0.981753 0.872091 0.403904 -0.985165 -0.047199 0.236937 -0.680693 -0.743841 -0.187495 0.902421 0.998650 -0.801865 0.972521 -0.552733 
-0.974668 -0.836047 -0.992041 -0.996308 -0.961381 -0.997213 -0.424378 0.976124 -0.924405 0.944248 -0.715894 -0.908138 -0.999905 -0.993582 -0.414783 -0.531417 
******************

